"Country" "Lat" "Long" "X4.6.20" "X4.7.20" "X4.8.20" "SL.AGR.EMPL.MA.ZS" "SP.RUR.TOTL.ZS" "SH.TBS.INCD" "SM.POP.NETM" "SP.URB.TOTL.IN.ZS" "EN.ATM.CO2E.PC" "EG.ELC.ACCS.ZS" "EN.URB.MCTY.TL.ZS" "SP.POP.TOTL" "SI.POV.DDAY" "NY.GDP.MKTP.KD.ZG" "NE.IMP.GNFS.ZS" "FP.CPI.TOTL.ZG" "SE.XPD.TOTL.GD.ZS" "SL.UEM.TOTL.ZS" "SE.ADT.LITR.ZS" "EG.USE.COMM.FO.ZS" "EN.POP.SLUM.UR.ZS" "EN.ATM.PM25.MC.ZS" "BX.KLT.DINV.CD.WD" "BN.CAB.XOKA.CD" "FI.RES.TOTL.CD" "SP.DYN.LE00.FE.IN" "SP.DYN.LE00.MA.IN" "SG.TIM.UWRK.FE" "SH.SGR.CRSK.ZS" "SH.SGR.PROC.P5" "SP.POP.65UP.TO.ZS" "SH.MED.BEDS.ZS" "SH.STA.DIAB.ZS" "SH.DTH.NCOM.ZS" "SP.DYN.IMRT.IN" "IS.AIR.DPRT" "IE.PPI.TRAN.CD" "SI.POV.GINI" "SI.DST.10TH.10" "SI.DST.FRST.10" "SI.POV.URHC" "SI.POV.RUHC" "ST.INT.XPND.MP.ZS" "ST.INT.RCPT.XP.ZS" "GC.XPN.TOTL.GD.ZS" "SP.DYN.LE00.FE.IN.1" "GB.XPD.RSDV.GD.ZS" "SP.POP.SCIE.RD.P6" "SL.GDP.PCAP.EM.KD" "LP.LPI.OVRL.XQ" "EN.URB.LCTY.UR.ZS" "EN.POP.DNST" "SH.STA.TRAF.P5"
"1" "Afghanistan" 33 65 367 423 444 28.92799949646 74.505 189 -314602 25.495 0.293946407148718 97.7 10.792339238057 37172386 NA 1.03066005804328 NA NA NA 1.51900005340576 43.01972 NA 62.7 100 119435105.715177 -3654730153.50141 8206682106.31946 65.656 62.701 NA NA NA 2.58492693988024 0.5 9.2 44.1 47.9 24433.446 NA NA NA NA NA NA 2.83035333921324 3.10262204071831 NA 65.656 NA NA 4916.10693359375 1.95 42.3311983623682 56.937760009803 15.1
"2" "Albania" 41.1533 20.1683 377 383 400 34.6790008544922 39.681 18 -69998 60.319 1.97876331208568 100 NA 2866376 NA 4.14523793594839 45.3977304984143 1.41109078954244 2.46866 13.956000328064 98.14115 NA NA 99.9999999999643 1204383363.60476 -1010238285.34799 3893560031.06681 80.148 76.601 NA 7.4 NA 13.7447359109736 NA 9 93.1 7.8 2935 284600000 NA NA NA NA NA 25.5314674703334 48.1951679829468 23.3498809150361 80.148 NA NA 31132.7109375 2.66 27.5063925379807 104.612262773723 13.6
"3" "Algeria" 28.0339 1.6596 1423 1468 1572 10.3889999389648 27.371 69 -50002 72.629 3.7355201474105 100 6.37850392208528 42228429 NA 1.39999999999998 32.3410220592228 1.95176821052894 NA 12.3489999771118 81.40784 NA NA 100 1506316885.7744 NA 87382910154.0942 77.735 75.307 NA 5.9 NA 6.36249654497986 1.9 6.7 75.7 20.1 77463 1.08e+08 NA NA NA NA NA NA NA NA 77.735 NA NA 55316.42578125 2.45 8.78230990288061 17.7300750711665 NA
"4" "Andorra" 42.5063 1.5218 525 545 564 NA 11.938 3 NA 88.062 5.83290621488897 100 NA 77006 NA 1.62934547096762 NA NA 3.22691 NA NA NA NA 17.8244594869492 NA NA NA NA NA NA NA 5178 NA NA 7.7 NA 2.7 NA NA NA NA NA NA NA NA NA NA NA NA NA NA NA NA 163.842553191489 NA
"5" "Angola" -11.2027 17.8739 16 17 19 42.4129981994629 34.486 355 32066 65.514 1.29030677595566 41.88623046875 25.2329115687424 30809762 47.6 -2.13349325676356 NA NA NA 7.24599981307983 NA NA 55.5 100 -5732491335.28017 7402606519.27953 15410405365.47 63.252 57.677 NA 10.6 NA 2.21637364776329 NA 4.5 27.4 51.6 13978 5.3e+07 51.3 39.6 1.3 NA NA 2.94352197094216 1.3457717330498 NA 63.252 NA NA 14784.7001953125 2.05 38.515297744971 24.7130520574316 23.6
"6" "Antigua and Barbuda" 17.0608 -61.7964 15 19 19 NA 75.401 6 0 24.599 5.74441995635358 100 NA 96286 NA 7.38919716232351 NA NA NA NA NA NA NA 100 135127898.770161 -113168506.910818 328659747.502549 77.871 75.571 NA NA NA 8.79982551980558 NA 13.1 81.8 5 23206.966273393 NA NA NA NA NA NA 10.134036918054 84.3106823458553 NA 77.871 NA NA NA NA NA 218.831818181818 7.9
"7" "Argentina" -38.4161 -63.6167 1554 1628 1715 0.0879999995231628 8.13 27 24000 91.87 4.78150777487432 100 43.0081024392632 44494502 1 -2.48179244509274 16.4199284119137 NA NA 9.98499965667725 99.00387 NA 16.7 93.8528246666324 11872856662.7649 -27478773447.7785 66221501691.4418 79.726 72.924 NA 2.5 NA 11.1177888760774 NA 5.9 77.6 8.8 161688 1.6e+07 41.4 29.9 1.8 NA NA 15.1346704633444 7.8567752744146 NA 79.726 NA NA 48109.37109375 2.89 36.6134837504002 16.2585100979651 14
"8" "Armenia" 40.0691 45.0382 833 853 881 30.3889999389648 36.851 31 -24989 63.149 1.89871937365811 100 36.5991186323081 2951776 2.1 5.19999999965322 53.4824517351464 1.44344660770702 NA 17.7070007324219 NA NA 14.4 100 254146163.557324 -1165303576.08295 2259321868.53197 78.165 71.115 NA 41 4198 11.2538176570131 4.2 6.1 93.3 11 NA 1.01e+08 34.4 29.2 3.3 NA NA 21.933781319289 26.3171955762686 22.12084600425 78.165 0.18913 NA 24805.095703125 2.61 57.9567675616692 103.680224798033 17.1
"9" "Australia" -255.9695 1129.8623 5797 5895 6010 3.35199999809265 13.988 6.6 791229 86.012 15.3887660194467 100 60.8680313578917 24992369 NA 2.94033358170461 21.3876035202283 NA NA 5.32800006866455 NA 89.6256301102374 NA 24.8935837696774 60337583596.5415 -29660388139.524 53880533420.3007 84.7 80.4 NA 0.6 10156 15.6564752275591 NA 5.6 89.5 3.1 665384 NA NA NA NA NA NA 13.6625909532642 14.4613912959537 26.1172616602158 84.7 NA NA 92936.21875 3.75 22.2933745854429 3.24912948744283 5.6
"10" "Austria" 47.5162 14.5501 12297 12639 12942 4.1100001335144 41.703 7.1 324998 58.297 6.86986792967669 100 21.4822996671089 8847037 NA 2.41976363780752 52.0344068166518 1.53089553422702 NA 4.63500022888184 NA 65.6618219894727 NA 85.0515376653505 4220346205.72346 10798736575 23190665221.0656 84.1 79.3 NA 0.4 13795 19.0015664595899 NA 6.6 92.2 2.9 130260 NA NA NA NA NA NA 6.01142300861459 10.0119483521856 NA 84.1 NA NA 96643.1875 4.03 36.8497527026846 107.206926667578 5.2
"11" "Azerbaijan" 40.1431 47.5769 641 717 822 30.4750003814697 44.32 63 6002 55.68 3.93156060898919 100 22.9898633459709 9942334 NA 1.41287352692132 37.7191179640388 2.60833956534686 NA 5.39599990844727 NA NA NA 100 1402998000 6051077000 6665989936.45047 75.215 70.128 NA NA 1842 6.19518275071493 NA 6.1 86.6 19.2 19960 NA NA NA NA NA NA 13.8546875412132 11.1048009507593 NA 75.215 0.18484 NA 34190.171875 NA 41.2892628685675 120.265319946776 8.7
"12" "Bahamas" 25.0343 -77.3963 29 33 40 4.41599988937378 16.975 14 4999 83.025 6.52006971856257 100 NA 385640 NA 1.56575993568239 41.2700712302306 NA NA 11.5019998550415 NA NA NA 99.9999999918088 491404689.229667 -1505207344.95486 NA 75.718 71.3 NA NA NA 7.25760235662035 NA 8.8 73.9 8.3 56629.4566997085 NA NA NA NA NA NA 10.4405650141285 77.246799590927 17.9367459455109 75.718 NA NA 54089.23828125 2.53 NA 38.5254745254745 NA
"13" "Bahrain" 26.0275 50.55 756 811 823 1.26699995994568 10.713 11 239000 89.287 23.455406320753 100 NA 1569439 NA 1.77672835806486 71.6572121891948 NA NA 0.967999994754791 97.46419 NA NA 100 111170212.765957 -2434574468.08511 2334278370.00967 78.143 76.188 NA NA NA 2.42633387832394 NA 15.6 83 6.1 57094 NA NA NA NA NA NA 14.7975308883519 12.7386670908223 NA 78.143 NA NA 70352.3828125 2.93 40.2932266708532 2017.27369979138 NA
"14" "Bangladesh" 23.685 90.3563 123 164 218 31.4309997558594 63.368 221 -1847503 36.632 0.473657610012808 88 15.1180991744598 161356039 NA 7.86370889257542 23.4439348097981 NA 1.98602 4.29300022125244 73.9122 NA 55.1 100 2940222419.73224 -7592873492.9096 32028383716.5949 73.978 70.409 NA 64.2 NA 5.15839063962068 0.8 9.2 66.9 25.1 101383.465723099 179500000 NA NA NA NA NA 1.84356842877916 0.808262579200289 NA 73.978 NA NA 9690.7099609375 2.58 33.1231636140144 1239.57931166936 15.3
"15" "Barbados" 13.1939 -59.5432 60 63 63 3.75 68.853 0.4 -397 31.147 4.46747652067059 100 NA 286641 NA -0.49842886553256 40.8905996112731 NA NA 9.58800029754639 NA NA NA 100 195096000 NA NA 80.307 77.562 NA NA NA 15.8026939621338 NA 13.4 82.8 11.3 NA NA NA NA NA NA NA NA NA NA 80.307 NA NA 36284.703125 NA NA 666.606976744186 5.6
"16" "Belarus" 53.7098 27.9534 700 861 1066 13.9040002822876 21.405 31 43648 78.595 6.70195770525782 100 21.1343217872209 9485386 0 3.04990554989585 69.1440943074798 5.59815595039854 NA 5.79500007629395 99.75656 NA NA 99.9313519680704 1426500000 -34399999.9999999 7157559690.48716 79.2 69.3 NA 11.5 8741 14.8451481743098 NA 5 90.5 2.6 31676 3960000 25.2 21.4 4.3 NA NA 2.8044416160746 2.89012552281448 NA 79.2 0.60817 NA 37015.5078125 2.57 26.89016113799 46.7287999040892 8.9
"17" "Belgium" 50.8333 4 20814 22194 23403 1.52799999713898 1.999 9 240000 98.001 8.32815989783976 100 26.980394443458 11422068 NA 1.45840535284985 82.7389120694672 1.43681956996435 NA 6.44099998474121 NA 75.8707843536824 NA 91.9485403518636 -62826327313.9836 -5250876554.09341 26856799008.9529 84 79 NA 0.1 NA 18.7887437383395 NA 4.6 85.7 2.9 140674 NA NA NA NA NA NA 4.63702852308325 2.31501757164638 NA 84 NA NA 105301.421875 4.04 18.3094284564919 377.214927344782 5.8
"18" "Belize" 13.1939 -59.5432 7 7 8 24.867000579834 54.276 30 6000 45.724 1.40094123373499 98.2651214599609 NA 383071 NA 3.03540365708952 58.0078191642862 NA NA 9.49699974060059 NA NA 10.8 100 119541646.954707 -154939838.804943 294468435.057294 77.453 71.533 NA NA 1964 4.73645877657144 NA 17.1 67.4 11.2 125681.690865347 37600000 NA NA NA NA NA 4.43403657873265 45.2063565065369 NA 77.453 NA NA 18508.841796875 NA NA 16.7939938623411 28.3
"19" "Benin" 9.3077 2.3158 26 26 26 48.3759994506836 52.688 56 -10000 47.312 0.614206089682334 43.0777473449707 NA 11485048 NA 6.85800227090556 44.1906620897664 NA 4.03814 2.02500009536743 42.3624 NA 61.5 100 207510854.998 NA NA 62.687 59.633 NA 60.4 NA 3.25360529746338 NA 1 35.7 60.5 NA 4.89e+08 NA NA NA NA NA NA NA NA 62.687 NA NA 5455.67822265625 2.75 17.0698953919223 101.853919829727 27.5
"20" "Bhutan" 27.5142 90.4336 5 5 5 51.109001159668 59.105 149 1600 40.895 1.39222953427828 97.7 NA 754394 NA 3.02764059455085 55.8915879319988 NA 6.64043 2.18700003623962 NA NA NA 100 2649712.66204277 -497629633.212195 987247035.583982 71.444 70.822 NA 12.4 2639 6.00301171280561 NA 10.3 68.6 24.8 5187 NA NA NA NA NA NA 6.26530993376602 15.5411911787977 NA 71.444 NA NA 20435.7109375 2.17 NA 19.7775277714448 17.4
"21" "Bolivia" -16.2902 -63.5887 183 194 210 27.8390007019043 30.575 108 -47520 69.425 1.90636431997446 91.8 41.3356144052457 11353142 4.5 4.22362493214148 31.1211697950131 1.83954504969032 NA 3.26600003242493 NA NA 43.5 99.9991320215104 255082885.984613 -1989598183.43618 8929614182.53614 73.878 68.173 NA 24.3 NA 7.19194739218447 NA 6.8 64.5 21.8 56592 16600000 42.2 30.4 1.5 NA NA 8.57247022443529 9.3767084989034 NA 73.878 NA NA 15840.8193359375 2.36 23.0158036386824 10.4801458506416 15.5
"22" "Bosnia and Herzegovina" 43.9159 17.6791 674 764 804 16.2609996795654 51.755 25 -107926 48.245 6.38493881859933 100 NA 3323929 NA 3.62354616011993 55.7808947028023 0.562782154061303 NA 21.2180004119873 NA NA NA 99.9552350286901 488903026.034015 -750578394.081284 6808433501.27296 79.581 74.622 NA 3.2 NA 16.4703174710621 NA 9 94.5 5 NA NA NA NA NA NA NA 3.17729110607052 12.7259930289803 35.1318033511872 79.581 0.1988 471.2501 39423.4453125 2.81 21.3625961100753 64.92048828125 15.7
"23" "Botswana" -22.3285 24.6849 6 6 6 26.8390007019043 30.554 275 14999 69.446 3.3674513337553 62.8249473571777 NA 2254126 NA 4.45358456639946 37.7659524881694 NA NA 18.1919994354248 NA NA NA 100 228718290.832085 345270348.558078 6656913637.84624 71.559 65.79 NA 13.8 NA 4.22387434629301 NA 5.8 45.7 30 6774 NA NA NA NA NA NA 3.681548740744 7.8366555775719 23.638997516755 71.559 NA NA 40666.953125 NA NA 3.97742487604327 23.8
"24" "Brazil" -14.235 -51.9253 12161 14034 16170 13.039999961853 13.431 45 106000 86.569 2.61293352087838 100 41.9461931451321 209469333 4.4 1.11758734985511 14.2767004326273 3.73297621216894 NA 12.2180004119873 93.2275 NA 22.3 68.1350300575805 78162572752.95 -41539692295.48 374709673447.828 79.156 71.804 NA 12.9 13940 8.92283783244003 NA 10.4 73.9 12.8 832683 1041400000 53.9 42.5 1 NA NA 8.62714428399348 2.29983252453008 NA 79.156 NA NA 33194.62890625 2.99 11.939294933562 25.0617162430876 19.7
"25" "Brunei" 4.5353 114.7277 135 135 135 2 22.371 68 0 77.629 22.229177902672 100 NA 428962 NA 0.0522377907767719 41.964043494891 NA NA 9.24499988555908 97.21411 NA NA 0 511497137.753507 1067951167.66808 3407126454.77295 76.819 74.454 NA NA NA 4.87314756750582 2.7 13.3 84.8 9.8 11310 NA NA NA NA NA NA 10.2962198251364 2.69850388505865 NA 76.819 NA NA 170535.765625 2.71 NA 81.3969639468691 NA
"26" "Bulgaria" 42.7339 25.4858 549 577 593 9.02600002288818 24.992 22 -24001 75.008 5.87161586934993 100 18.1147333738029 7024216 NA 3.08115723374425 64.3108705743695 3.10372944796774 NA 4.81899976730347 NA NA NA 99.8946743201431 1222580000 3492220000 28711039864.6649 78.5 71.3 NA 9.8 NA 21.021914434268 NA 6 95.2 5.9 11435 7.9e+07 NA NA NA NA NA 5.41494713377715 11.6729699630456 NA 78.5 NA NA 44353.84765625 3.03 24.1504015013882 64.7035372144436 10.2
"27" "Burkina Faso" 12.2383 -1.5616 364 384 414 34.7540016174316 70.642 48 -125000 29.358 0.162018437716738 25.4737434387207 12.8161228988025 19751535 NA 6.83238810300897 37.2388430772549 -3.23181169194848 6.03609 6.14900016784668 41.22445 NA 65.8 100 480001741.8593 NA NA 61.43 59.981 NA 69.5 NA 2.40698082866355 NA 7.3 32.7 49 4270 471300000 NA NA NA NA NA NA NA 19.5321668756471 61.43 NA NA 5280.03076171875 2.62 43.6546158282195 72.1912828947368 30.5
"28" "Burma" 21.9162 95.956 22 22 22 53.1240005493164 69.421 338 -816564 30.579 0.413758590222221 69.8148365975088 12.1610820803712 53708395 NA 6.20005107153845 NA NA 1.9726 1.57500004768372 NA NA 41 100 1291196200.66864 -2137161106.25889 5646407387.45813 69.603 63.419 NA NA NA 5.78464193257209 NA 3.9 67.8 36.8 64397.9644896858 1.04e+08 NA NA NA NA NA 0.625447844166508 10.5932971498983 NA 69.603 NA NA 14095.1201171875 2.3 31.4029539397534 82.2386154835549 19.9
"29" "Burundi" -3.3731 29.9189 3 3 3 87.2870025634766 86.968 111 10003 13.032 0.0446999922899522 9.3 NA 11175378 NA 1.60993308234522 30.5033368824551 NA 5.01084 1.53799998760223 NA NA 57.9 100 983747.12499426 -362644693.882423 68126200.7714545 62.675 59.092 NA 83.9 NA 2.24694046033717 NA 5.1 32.1 41 NA NA NA NA NA NA NA 2.54060975902162 1.36791479575936 NA 62.675 NA NA 1614.05200195313 2.06 61.726409750236 435.178271028037 34.7
"30" "Cabo Verde" 16.5388 -23.0418 7 7 7 17.9750003814697 34.268 46 -6709 65.732 0.948113817341959 92.9136352539063 NA 543767 NA 5.07755082887782 68.2078053781849 1.10666656494144 NA 12.3030004501343 NA NA NA 100 107974093.736283 -94519229.6261681 606430600.295088 75.812 69.089 NA 19.8 NA 4.60932715666821 NA 2.4 70.3 16.7 1546 NA NA NA NA NA NA 7.22106468714003 53.5842255392712 NA 75.812 NA NA 15359.869140625 NA NA 134.929776674938 25
"31" "Cambodia" 11.55 104.9167 114 115 117 30.1480007171631 76.612 302 -149999 23.388 0.437653585193574 89.07 12.0144816569412 16249798 NA 7.49796350754166 63.3028853207448 NA 2.16286 1.01999998092651 NA NA 55.1 100 3212633447.0447 -2992417483.19844 13885663251.0401 71.318 67.062 NA NA NA 4.56868001756576 0.8 6.4 64.4 24 14387 1e+09 NA NA NA NA NA 4.93803121314257 26.2409950521192 14.9597998639214 71.318 NA NA 7333.8232421875 2.58 51.370279144629 92.0564128710628 17.8
"32" "Cameroon" 3.848 11.5021 658 658 730 41.1949996948242 43.626 186 -24000 56.374 0.308791722441786 61.4018745422363 28.0286031575607 25216237 NA 4.06240531944661 23.6975689193905 NA 3.14529 3.33999991416931 77.07104 NA 37.8 100 765138128.210638 -1409485089.99484 3459329760.96426 59.795 57.235 NA 62.7 NA 2.72887735524057 NA 6 35.2 50.6 5550 9e+07 NA NA NA NA NA 10.8635393414282 8.66996592573408 NA 59.795 NA NA 8176.7578125 2.6 25.7161651648096 53.3439889149796 30.1
"33" "Canada" 671.7607 -1237.6289 16563 17872 19141 1.98599994182587 18.589 5.6 1210159 81.411 15.1589272191963 100 45.9325268972145 37058856 NA 1.89697475634192 34.0930504449183 1.94926902411596 NA 6.05700016021729 NA 74.089062024806 NA 0 46542783393.9787 -45322715617.2744 83925602808.0082 84.308 80.288 NA 0.4 NA 17.2320066788651 NA 7.6 88.3 4.3 1475062.58618088 NA NA NA NA NA NA 5.77826805574899 4.03415384669407 17.3245483953618 84.308 1.55277 NA 87936.3984375 3.73 20.1605171497434 4.07530821431988 5.8
"34" "Central African Republic" 6.6111 20.9394 8 8 8 70.6709976196289 58.636 540 -2e+05 41.364 0.0673571264567361 29.9820384979248 NA 4666377 NA 3.78944359275462 46.9800224539673 NA NA 6.52199983596802 37.39582 NA 93.3 100 17994743.8433 NA 361797180.317651 54.354 50.152 NA NA NA 2.82577370666008 NA 6 26 84.5 NA NA NA NA NA NA NA NA NA NA 54.354 NA NA 1819.29504394531 2.15 44.0858978344213 7.49041221227006 33.6
"35" "Chad" 15.4542 18.7322 9 10 10 79.5650024414063 76.941 142 10000 23.059 0.0534072418467253 10.8764162063599 8.54567953703351 15477751 NA 2.6413300339928 37.8810921062285 NA 2.24185 2.31900000572205 NA NA 88.2 100 662206573.4331 NA 147750165.909777 55.132 52.315 NA 68.3 NA 2.48051894434901 NA 6 27.3 71.4 NA NA NA NA NA NA NA NA NA NA 55.132 NA NA 4950.89892578125 2.42 37.0600571866467 12.2917336404066 27.6
"36" "Chile" -35.6751 -71.543 4815 5116 5546 11.7700004577637 12.436 18 558539 87.564 4.64906220009855 100 35.6682894481119 18729160 NA 4.02465296525456 28.7191327028464 2.55754475703323 NA 7.43200016021729 NA 74.6472122625678 NA 97.6630177077565 6082221197.63492 -9157260644.9725 39858824174.8114 82.333 77.333 NA 9.4 NA 11.5298016568816 NA 8.6 84.7 6.2 134661 NA NA NA NA NA NA 3.62835496442146 4.63342178600577 22.4034732087337 82.333 NA NA 51702.81640625 3.32 40.7339645446385 25.1894460666519 12.5
"37" "China" 1083.3367 3684.4197 82665 82718 82809 28.5289993286133 40.848 61 -1741996 59.152 7.54390764144927 100 27.8875617671767 1392730000 NA 6.56697385961871 18.7313138032856 2.89923579925941 NA 4.42399978637695 96.84089 NA 25.2 99.9982944622564 203492014029.265 49091588369.0827 3168216331199.09 78.828 74.315 NA 26.5 NA 10.9208835350654 NA 9.2 89.3 7.4 4692008 25964800000 NA NA NA NA NA 10.8844351156334 1.52341960462756 NA 78.828 NA NA 31379.9921875 3.61 3.10527790612515 148.348833270666 18.2
"38" "Colombia" 4.5709 -74.2973 1579 1780 2054 22.4150009155273 19.222 33 1023981 80.778 1.79035682717161 99.5952377319336 43.8968000864474 49648685 4.1 2.56922098807335 20.8253458573742 3.52549273618952 4.50259 9.1879997253418 95.09251 NA 13.1 92.1046289822956 11535119873.131 -13037301747.0417 47887623364.3511 79.694 74.124 NA 10.4 27385 8.47804701986958 NA 7.4 74.8 12.2 358847 2027740000 50.4 39.7 1.4 NA NA 8.93981287881651 12.2508998097043 NA 79.694 0.23699 NA 28080.451171875 2.94 26.3666682749363 44.7487021180712 18.5
"39" "Congo (Brazzaville)" -4.0383 21.7587 45 45 45 35.2550010681152 33.084 375 -20000 66.916 0.653359718672722 66.2148513793945 64.2080267899076 5244363 NA 1.02555420747001 56.0218574027979 NA 3.63639 10.3870000839233 80.29876 NA 46.9 100 4313143665.0143 NA 423617388.256644 65.316 62.546 NA 60 NA 2.68171953903232 NA 6 34.6 36.2 8439 5.6e+07 NA NA NA NA NA NA NA NA 65.316 NA NA 13040.802734375 2.49 63.5363623359297 15.3568462664715 27.4
"40" "Congo (Kinshasa)" -4.0383 21.7587 161 180 180 60.7270011901855 55.54 321 119303 44.46 0.0633308890302249 19.0936317443848 24.0990056500748 84068091 NA 5.75793273827452 37.3422312884634 NA NA 4.27199983596802 NA NA 74.8 100 1284643393.84758 -2169064858.49838 665272094.992908 61.539 58.528 NA 76.1 NA 3.01784062159803 NA 6 28 68.2 18612.1962447002 NA NA NA NA NA NA 0.646996731516002 0.376205306165348 NA 61.539 NA NA 2495.19604492188 2.43 35.2392413310837 37.0825923557045 33.7
"41" "Costa Rica" 9.7489 -83.7534 467 483 502 17.0790004730225 20.66 10 21000 79.34 1.61808784926208 99.6 27.1579362572736 4999441 1.4 2.63398496797504 33.2420840335805 2.09620256592949 7.02824 8.19099998474121 97.86379 NA 5.5 99.6887933668832 2763898445.34094 -1866153307.76786 7500924411.18614 82.557 77.354 22.1457084 8.2 3746 9.54984767296984 1.2 9.1 83.3 7.6 39730 6.63e+08 48 36.3 1.5 NA NA 5.90941790624206 19.3973474852318 30.0206153771698 82.557 NA NA 37608.67578125 2.79 34.2298205294467 97.9130630630631 16.7
"42" "Cote d'Ivoire" 7.54 -5.5471 323 349 384 53.1180000305176 49.221 142 -40000 50.779 0.487688034135766 65.6357574462891 19.6287488538239 25069229 NA 7.43307162464457 29.2470562631073 -0.883930110423883 4.36816 2.4449999332428 47.16535 NA 56 100 912856300.8215 NA NA 58.32 55.864 NA NA NA 2.85894301500285 NA 2.4 37.2 59.4 15188 471300000 NA NA NA NA NA NA NA NA 58.32 NA NA 12113.244140625 3.08 38.6552483035222 78.8340534591195 23.6
"43" "Croatia" 45.1 15.2 1222 1282 1343 8.43400001525879 43.053 8.4 -40004 56.947 3.97380490559031 100 NA 4089400 NA 2.63078562253854 51.3615432817724 0.771820346498083 NA 7.76900005340576 NA NA NA 99.7796052732656 1284360877.94773 1459036223.54372 19991304927.8836 80.9 74.9 NA 3.7 NA 20.445433012423 5.6 5.4 92.4 4 27189 NA NA NA NA NA NA 5.64641393224952 38.5868735951335 NA 80.9 NA NA 58758.2578125 3.1 29.4396105103464 73.0771979985704 8.1
"44" "Cuba" 22 -80 350 396 457 24.4270000457764 22.963 7.2 -72000 77.037 3.08099424581552 100 18.843199826991 11338138 NA 2.24848039303581 12.5931035861752 NA NA 2.25200009346008 NA NA NA 99.9999999999811 NA NA NA 80.643 76.699 NA NA NA 15.1862114171521 NA 9.6 83.7 3.7 8733.666 NA NA NA NA NA NA NA NA NA 80.643 NA NA NA 2.2 24.4599356510304 108.999596231494 8.5
"45" "Cyprus" 35.1264 33.4299 465 494 526 3.6949999332428 33.19 5.4 25000 66.81 5.26046160455096 100 NA 1189265 NA 4.06019176189083 72.2795717929557 NA NA 7.91699981689453 NA NA NA 100 5206751664.27152 -1067068304.01677 924201541.467494 82.794 78.547 NA 10.4 3057 13.7190617734483 NA 9 91.1 1.9 5456 NA NA NA NA NA NA 8.61809977457805 18.9232403187276 NA 82.794 NA NA 51596.453125 3.15 NA 128.708333333333 5.1
"46" "Czechia" 49.8175 15.473 4822 5017 5312 3.55999994277954 26.208 5.4 110057 73.792 9.16597837581982 100 12.1549884501673 10625695 NA 2.95778447296561 72.0030708959607 2.84787595918047 NA 2.47399997711182 NA 77.7345870580784 NA 99.6772126159304 8493644233.84427 860048615.269931 142511752519.564 82.6 76.5 NA 0.3 NA 19.4208768932343 6.5 7 89.9 2.7 50694 NA NA NA NA NA NA 3.44022042992777 4.31227059186259 NA 82.6 NA NA 70237.859375 3.68 16.4719593241246 137.602887852888 5.9
"47" "Denmark" 189.8634 -40.0143 4875 5266 5597 3.23600006103516 12.126 5.4 75998 87.874 5.9357124821143 100 22.7828943986714 5797446 NA 2.39132968541817 49.5945167161173 0.758131572511619 NA 4.83099985122681 NA 64.9270894675666 NA 56.9144561104444 1166205135.1967 24780873569.4533 70942078373.7473 82.9 79.2 NA 0.1 21197 19.8129526369902 2.5 8.3 89.7 3.6 NA NA NA NA NA NA NA 5.9414777290166 4.59775437271808 NA 82.9 NA NA 98470.953125 3.99 25.9267736170828 138.067301738509 4
"48" "Djibouti" 11.8251 42.5903 90 90 135 47.3919982910156 22.223 260 4501 77.777 0.803830216224396 60.2 NA 958920 NA 5.46019075866732 178.881328667234 3.31925372703833 5.55942 11.0299997329712 NA NA 65.6 100 2.65e+08 NA 454193909.718601 68.023 64 NA NA NA 4.52757937811482 NA 5.1 44.4 49.8 NA 3.96e+08 NA NA NA NA NA NA NA NA 68.023 NA NA 9836.248046875 2.63 75.2949442156877 41.3684210526316 NA
"49" "Dominica" 15.415 -61.371 15 15 15 NA 29.517 6.4 NA 70.483 1.90868678342829 100 NA 71625 NA 2.26457023430542 65.095817562071 NA NA NA NA NA NA 100 13286694.9945287 -225095301.374874 191323608.30539 NA NA NA NA NA NA NA 11.6 NA 32.9 NA NA NA NA NA NA NA 6.95363495546831 68.538006850991 NA NA NA NA NA NA NA 95.5 10.9
"50" "Dominican Republic" 18.7357 -70.1627 1828 1956 2111 14.6280002593994 18.926 45 -150000 81.074 2.11899466984248 100 29.8494659676405 10627165 0.4 6.98252758438241 28.504535080793 1.8106037704296 NA 5.82800006866455 NA NA 12.1 99.9134426224712 2744500000 -1159600000 7717561574.1843 76.99 70.609 NA 16.1 NA 7.08281747649721 NA 8.6 72.3 24.1 NA 73400000 43.7 35.2 2.3 NA NA 4.05381363470776 37.4460793296255 15.7045521406131 76.99 NA NA 36326.68359375 2.66 36.8175557007141 219.97857586421 34.6
"51" "Ecuador" -1.8312 -78.1834 3747 3747 4450 29.2800006866455 36.179 44 182000 63.821 2.75326636341217 100 27.6345957884163 17084357 3.3 1.37712702988119 23.0467920375474 0.266012515466136 NA 3.98099994659424 NA NA 36 98.3156239365569 1410435145.23622 -1488129213.64077 2158694032.4143 79.442 73.833 NA 24.4 1552 7.15728972666108 NA 5.5 72.2 12.2 53033 3.77e+08 45.4 34.4 1.6 NA NA 4.0684950486967 7.61486108501925 NA 79.442 NA NA 22303.599609375 2.88 26.5861487148008 68.7886817522951 21.3
"52" "Egypt" 26 30 1322 1450 1560 21.6429996490479 57.296 12 -190164 42.704 2.23273200470305 100 25.5652539413948 98423595 NA 5.31412103746398 29.3662955784919 9.15050222631588 NA 11.2930002212524 NA NA 10.6 100 6797600000 -6293166088.33333 41839242990.7097 73.967 69.453 NA 30.3 NA 5.22977934620923 NA 17.2 84.1 18.1 104473 4.98e+08 NA NA NA NA NA 3.79545671908511 24.6108510877487 NA 73.967 0.72388 686.71743 39313.47265625 2.82 47.7649634748908 98.8734692852479 9.7
"53" "El Salvador" 13.7942 -88.8965 69 78 93 28.9419994354248 27.977 70 -202694 72.023 0.998428943780015 99.4903869628906 17.2362891278643 6420744 1.5 2.53894979803808 48.6179529493035 0.0767130108086897 3.60075 4.34600019454956 89.0086 NA NA 100 426819833.289778 -1241754700.4564 3568810597.97393 77.417 68.006 NA 12.9 NA 8.28709000480629 NA 8.8 73.8 11.8 27601 NA 38.6 29.4 2.4 NA NA 3.86789820108477 18.1877160490933 NA 77.417 NA NA 17562.744140625 2.58 23.9316479587026 309.881467181467 22.2
"54" "Equatorial Guinea" 1.5 10 16 16 18 41.1500015258789 27.857 201 79998 72.143 4.76396715246517 67.1840972900391 NA 1308974 NA -6.12874928878162 43.3468044957638 NA NA 9.21199989318848 NA NA 66.2 100 395884364.5524 NA 48929813.6121629 59.259 57.059 NA NA NA 2.45787734677897 NA 6 35.9 62.6 19549.2208516854 NA NA NA NA NA NA NA NA NA 59.259 NA NA 56413.83984375 2.32 39.8054499842746 46.6657397504456 24.6
"55" "Eritrea" 15.1794 39.7823 31 31 33 59.3549995422363 NA 89 -199290 NA NA 48.4237899780273 NA 3213972 NA NA NA NA NA 6.5460000038147 76.57052 NA NA 100 61015000 NA NA 67.745 63.404 NA NA NA NA NA 5.1 45.2 31.3 919 NA NA NA NA NA NA NA NA NA 67.745 NA NA 4015.32397460938 2.09 NA NA 25.3
"56" "Estonia" 58.5953 25.0136 1108 1149 1185 4.97100019454956 31.12 13 19555 68.88 14.848819173174 100 NA 1320884 NA 4.76115846853359 70.7437935394783 2.27725931243518 NA 5.88199996948242 NA 13.0562153357344 NA 0 1180195916.01414 612392506.040835 755005588.304243 82.2 73.3 NA 79.6 9684 19.6263568469749 5 4.2 92.7 2.1 790 NA NA NA NA NA NA 7.59774586816587 10.2228003517302 NA 82.2 NA NA 64494.19140625 3.31 48.0341823977138 30.3861053600184 6.1
"57" "Eswatini" -26.5225 31.4659 10 10 12 14.456000328064 76.201 329 -41764 23.799 1.09840450548437 73.5262756347656 NA 1136191 NA 2.35100982006338 43.9119686281662 NA NA 22.8540000915527 88.41938 NA 32.7 100 31264218.2718227 90250293.8305522 440685903.013845 62.753 54.329 NA 11.3 NA 4.01458794083506 NA 4.5 36.7 43 NA NA NA NA NA NA NA 2.08087997275661 0.863933573703219 NA 62.753 NA NA 28880.3984375 NA NA 66.0576162790698 26.9
"58" "Ethiopia" 9.145 40.4897 44 52 55 71.0279998779297 79.237 151 150002 20.763 0.118240576234369 44.3 4.02809957786142 109224559 NA 6.81016939097316 22.798726646213 NA NA 1.78799998760223 NA NA 73.9 100 3360419368.65295 -4611293722.98811 3987464165.90059 67.784 63.997 NA NA NA 3.50113299760986 0.3 4.3 39.3 39.1 110971 NA NA NA NA NA NA 3.0744322898584 46.5352282793683 10.8064141634333 67.784 NA NA 3975.82788085938 NA 19.4003737935325 109.224559 26.7
"59" "Fiji" -17.7134 178.065 14 15 15 39.5550003051758 43.752 54 -31008 56.248 1.35007092133099 96 NA 883483 NA 3.52620937156848 NA 1.7731018246027 NA 4.15100002288818 NA NA NA 82.8031823467088 468845976.069601 -470069077.236674 947653331.857671 69.043 65.594 NA NA 1490 5.44968041263952 NA 14.7 84.4 21.6 24134 NA NA NA NA NA NA 5.16960165314811 51.3240403469038 28.2514016209073 69.043 NA NA 23569.73046875 2.35 NA 48.3570333880679 9.6
"60" "Finland" 64 26 2176 2308 2487 5.18400001525879 14.618 4.7 70000 85.382 8.66072124349448 100 23.1802176493508 5518050 NA 1.67143888071415 39.2931632352753 1.02409392963429 NA 7.2519998550415 NA 40.2079829899529 NA 0 -4878401765.03615 -4468797258.63879 10309164187.4717 84.4 78.6 NA 0.1 8850 21.7207875455222 4.4 5.6 93.2 1.4 125804 NA NA NA NA NA NA 6.66518349258762 5.27907315743818 NA 84.4 NA NA 93160.171875 3.97 27.1488368371241 18.1568556480537 4.7
"61" "France" 91.3624 59.7192 98963 110065 113959 3.5 19.556 8.9 182636 80.444 4.57318159541951 100 22.7570834232261 66987244 NA 1.72488062714211 32.1109689812119 1.10825492288292 NA 9.09899997711182 NA 46.4879708722364 NA 78.2135639205549 59857774930.3435 -19014298810.729 166483400196.79 85.7 79.5 NA 0 NA 20.0346247469881 NA 4.8 87.6 3.4 597412 NA NA NA NA NA NA 6.18840249891611 8.07752900565779 NA 85.7 NA NA 97407.5 3.84 20.2291975765162 122.338395739199 5.5
"62" "Gabon" -0.8037 11.6094 24 30 34 26.6140003204346 10.63 525 16301 89.37 2.75638178150547 92.1912002563477 NA 2119275 NA 0.835804969429503 21.5123688593313 2.06199788362745 NA 19.6060009002686 84.66716 NA 37 100 845752960.6347 NA 1321051088.57443 67.883 63.879 NA 14.7 NA 3.56390746835592 NA 6 41 32.7 NA 349600000 NA NA NA NA NA NA NA 13.7017325838068 67.883 NA NA 62350.12890625 2.16 42.9509354824403 8.22476423332169 23.2
"63" "Gambia" 13.4432 -15.3101 4 4 4 24.2730007171631 38.73 174 -15436 61.27 0.253640981758284 56.2 NA 2280102 NA 6.54702656494995 41.5109863180911 7.1157293121432 2.43275 8.89799976348877 NA NA 34.8 100 32957945.2678928 -78645905.1960736 191773260.980301 62.84 60.088 NA 41.3 NA 2.58998093938232 NA 1.9 34.3 39 625 NA NA NA NA NA NA 1.67432277078687 48.2694865019217 NA 62.84 NA NA 5417.39404296875 2.4 31.2924386085219 225.30652173913 29.7
"64" "Georgia" 42.3154 43.3569 188 196 211 40.443000793457 41.368 80 -50000 58.632 2.41646049619644 100 28.8751809166443 3731000 4.5 4.80000000000014 61.1971488341745 NA NA 14.246000289917 NA NA NA 100 1218652826.35 -1192744352.9 3289463516.7195 77.816 68.98 NA NA 5488 14.8654914310525 NA 5.8 93.7 8.7 7108 3.45e+08 36.4 27.5 2.4 NA NA 8.91481277731131 39.5431186389124 21.3987663483508 77.816 0.30457 1463.77339 21660.1640625 2.44 49.2481577648156 65.2752020714511 15.3
"65" "Germany" 51 9 103374 107663 113296 1.60300004482269 22.688 7.3 2719112 77.312 8.88937039483839 100 9.58047278695829 82927922 NA 1.52744629830981 41.254735570526 1.4456670146976 NA 3.19899988174438 NA 78.862551056755 NA 89.1743564300489 105276890168.508 289897516287.849 198027061675.403 83.5 78.6 NA 0.1 NA 21.4619619953309 NA 10.4 91.2 3.1 922648.643490196 NA NA NA NA NA NA 6.38673994407597 3.22285053527186 NA 83.5 NA NA 92717.6875 4.2 5.54038959350593 237.3709697733 4.1
"66" "Ghana" 7.9465 -1.0232 214 287 313 40.3619995117188 43.94 148 -50000 56.06 0.531371737898168 79 18.4905668363887 29767108 NA 6.26348073195742 36.4138216028432 NA 3.98944 6.78399991989136 79.03964 NA 37.9 100 2989035000 -2043923676.53035 6294851564.02725 64.503 62.437 NA 19.3 NA 3.06889800693396 NA 2.5 42.7 34.9 14373 5.5e+08 NA NA NA NA NA 5.72353595699859 4.42376536974536 NA 64.503 NA NA 11848.2451171875 2.57 18.3654162432694 130.821429199262 24.9
"67" "Greece" 39.0742 21.8243 1755 1832 1884 12.3269996643066 20.942 4.5 -80000 79.058 6.18033726778447 100 29.4155262821333 10727668 NA 1.93437082746027 36.3904688555073 0.174430106813301 NA 18.0809993743896 97.93595 82.5746351336883 NA 99.9999999998588 4025447788.57701 -6248523036.36721 7578500698.89502 84 78.9 NA 7.7 NA 21.6552720778435 4.3 4.7 86.2 3.6 144040 NA NA NA NA NA NA 4.55695193033916 26.3766965912666 46.5504416828908 84 NA NA 67037.2421875 3.2 37.2075254566635 83.2247323506594 9.2
"68" "Grenada" 12.1165 -61.679 12 12 12 NA 63.728 2.1 -1000 36.272 2.22238342730161 94.695671081543 NA 111454 NA 4.17721518987342 55.1720799500312 NA NA NA NA NA NA 100 153748019.800794 -116327736.4428 233815853.807382 74.949 70.07 NA NA NA 9.62190679562869 NA 10.7 81.3 13.7 NA NA NA NA NA NA NA 6.35955589379954 84.3383121928503 NA 74.949 NA NA NA NA NA 327.805882352941 9.3
"69" "Guatemala" 15.7835 -90.2308 70 77 87 39.3730010986328 48.946 26 -46073 51.054 1.1510008356966 93.2880935668945 16.5302406271128 17247807 NA 3.14504331729282 27.6848354752307 3.69998398008601 2.92707 2.74600005149841 NA NA 34.5 100 1051500000 6.65e+08 12583121641.7733 76.721 70.83 NA 38.2 NA 4.81207250828785 NA 10 59.2 22.1 3205 1.2e+08 NA NA NA NA NA 5.13450008473528 11.1311802061383 NA 76.721 NA NA 19070.828125 2.41 32.3779554027252 160.953779395297 16.6
"70" "Guinea" 9.9456 -9.6966 128 144 164 62.2130012512207 63.86 176 -20000 36.14 0.219671872697791 35.4412155151367 14.8467358416306 12414318 NA 6.16385332467215 53.0245859191977 NA 2.57251 3.57200002670288 NA NA 43.3 100 352760000 -190500000 1224990168.34101 61.153 60.04 NA 91.3 NA 2.92602244847935 NA 2.4 35.1 64.9 NA 1.59e+08 NA NA NA NA NA 9.93625035529261 0.188629788318182 NA 61.153 NA NA 6207.51806640625 2.2 41.0811684295341 50.5222122741332 28.2
"71" "Guinea-Bissau" 11.8037 -15.1804 18 33 33 65.9909973144531 56.64 361 -6996 43.36 0.160335468516147 26.0473480224609 NA 1874309 NA 3.79999999203385 32.4552944897155 NA NA 4.07000017166138 NA NA 82.3 100 20553776.349135 -54107891.3671534 NA 59.62 55.597 NA 67.9 NA 2.82371633615269 NA 2.4 30 54 NA NA NA NA NA NA NA 16.2559757349751 5.25980895623503 NA 59.62 NA NA 3874.31005859375 2.39 68.7091177556294 66.6539473684211 31.1
"72" "Guyana" 5 -58.75 31 33 37 24.5629997253418 73.394 83 -30001 26.606 2.63239277948073 90.864875793457 NA 779004 NA 4.10000155013697 47.1231768121411 2.0872308916202 5.88842 12.2189998626709 NA NA 33.1 99.9881773200384 1180405596.06866 -1071725155.54714 518509369.454311 72.847 66.605 NA NA NA 6.45027124309697 NA 11.6 67.6 25.1 1931 NA NA NA NA NA NA 2.63362399948619 1.75306045052141 NA 72.847 NA NA 21813.025390625 2.36 NA 3.95734823469647 24.6
"73" "Haiti" 18.9712 -72.2852 24 25 27 63.1679992675781 44.722 176 -175000 55.278 0.271140186830838 43.7525634765625 23.7051270248713 11123176 NA 1.48387978817684 58.4729311903517 NA 2.78047 13.4840002059937 NA NA 74.4 100 1.05e+08 -342991166.731597 2370915011.76722 65.454 61.139 NA 55.7 NA 4.94940384843253 NA 6.7 57.1 49.5 NA 5.7e+07 NA NA NA NA NA 10.5625286767651 34.8631710747482 NA 65.454 NA NA 4216.81005859375 2.11 42.8834760823847 403.59854862119 NA
"74" "Honduras" 15.2 -86.2419 298 305 312 44.6300010681152 42.904 37 -34000 57.096 1.05764802292736 86.5 14.2168226576168 9587522 16.5 3.74558474629505 60.3559049549425 4.36587159819272 6.0812 4.10900020599365 87.20524 NA 27.5 99.9835217097179 1442587576.2096 -1263363273.91889 4769082161.53781 77.201 72.573 NA 51.5 NA 4.69061765907812 NA 7.3 66.5 15.1 14832 87900000 52.1 39.1 0.9 NA NA 4.46381183124831 10.2277038951877 NA 77.201 NA NA 10923.404296875 2.6 24.8998555376855 85.6870319063366 16.7
"75" "Hungary" 47.1625 19.5033 744 817 895 6.77400016784668 28.649 6.4 29999 71.351 4.2655749757664 100 18.0114210723237 9768785 NA 5.09400256449817 80.5650745438455 3.3385863538201 NA 3.46399998664856 NA 69.549793691078 NA 100 -65454432832.8767 -677865387.331751 31366581856.0416 79.7 72.6 NA 35.7 NA 19.1577253832321 NA 6.9 93.8 3.6 183541 NA NA NA NA NA NA 2.57859219349514 7.15034979440386 NA 79.7 NA NA 62492.828125 3.42 25.2434030604325 107.906605545123 7.8
"76" "Iceland" 64.9631 -19.0208 1562 1586 1616 5.29300022125244 6.187 2.7 1900 93.813 6.05965740746397 100 NA 353574 NA 4.61147602956513 44.1312252976555 3.01397179156056 NA 2.95000004768372 NA 11.288868750735 NA 10.2852157949761 -434601330.215204 731283429.759972 6321213331.79507 84.1 80.4 NA 35.3 NA 14.7950925565689 NA 5.8 89.8 1.5 54653.3025910987 NA NA NA NA NA NA 15.9619688394254 25.5502920869965 30.7758044260315 84.1 NA NA 84533.7265625 3.23 NA 3.52692269326683 6.6
"77" "India" 21 78 4778 5311 5916 39.5270004272461 65.97 199 -2663434 34.03 1.72767050665838 92.6186599731445 15.4350806157941 1352617328 NA 6.81136932613997 23.6396344113843 7.65969474279253 NA 2.55100011825562 74.37299 NA 24 100 42117450737.2644 -65599439052.6676 399167159226.682 70.425 68 NA 36.8 NA 6.17995564947149 NA 10.4 62.7 29.9 1200111.363 9486170000 NA NA NA NA NA 4.0111352655606 5.42657307048889 NA 70.425 0.59738 252.70392 19588.892578125 3.18 6.19464475222521 454.938072575247 22.6
"78" "Indonesia" -0.7893 113.9213 2491 2738 2956 31.55299949646 44.675 316 -494777 55.325 1.81937838004494 98.14 13.3834074123722 267663435 4.6 5.17127032830882 22.0559700304026 3.03058664969491 NA 4.375 95.65856 NA 21.8 95.5671472610627 19703343215.2014 -31046428468.8272 120660974090.95 73.515 69.156 NA 20.2 NA 5.85716561272863 1.2 6.3 73.3 21.1 959307.381 2903430000 39 30.4 2.8 NA NA 5.37795613606031 7.47385870702564 NA 73.515 0.26542 215.99355 25804.927734375 3.15 7.10196276396912 147.75219008926 12.2
"79" "Iran" 32 53 60500 62589 64586 16.44700050354 25.102 14 -274998 74.898 8.38410110077933 100 25.9887213818331 81800269 NA NA NA NA 3.95536 11.9919996261597 NA NA NA 100 3480333000 NA NA 77.436 75.217 NA 27.9 NA 6.18457380562499 NA 9.6 81.9 12.4 228803.615779 2.35e+08 NA NA NA NA NA NA NA NA 77.436 NA NA 68776.09375 2.85 14.5200207649286 50.222420123284 20.5
"80" "Iraq" 33 44 1031 1122 1202 17.9300003051758 29.527 42 39171 70.473 4.89491703042353 100 25.0774660713542 38433600 NA -0.562745503168955 35.9484339574529 NA NA 7.90500020980835 NA NA 47.2 100 -4885100000 34369500000 64719421423.3098 72.318 68.277 NA NA NA 3.32359966279505 NA 8.8 54.7 22.5 21071 5e+08 NA NA NA NA NA 13.8107461846825 2.16032293890942 NA 72.318 NA NA 66629.1640625 2.18 25.1499973546547 88.5305700354617 20.7
"81" "Ireland" 53.1424 -7.6921 5364 5709 6074 7.91699981689453 36.83 7 118020 63.17 7.31393980771791 100 24.7537759302245 4853506 NA 8.16987093310331 89.1849891528727 0.939044481054341 NA 5.28399991989136 NA 85.3428197664443 NA 0.274091678859734 64535780983.1594 40900554448.0038 5222681912.93715 83.8 80.2 NA 1.1 NA 13.8658017012923 NA 3.2 90.6 3.1 935961 NA NA NA NA NA NA 2.17136602578505 3.13566641130987 23.2829995160592 83.8 NA NA 157287.921875 3.51 39.1859645918407 70.452983016403 4.1
"82" "Israel" 31 35 8904 9248 9404 1.40199995040894 7.58199999999999 4 50002 92.418 7.86318134790706 100 57.9236362817713 8883800 NA 3.45370251802824 29.0185324309142 0.841596533622194 NA 3.93099999427795 NA 97.3821241260262 NA 100 20788600000 9276500000.00001 115265900520.851 84.6 80.7 NA 3.9 4879 11.9769860249625 NA 9.7 85.8 3 53901 NA NA NA NA NA NA 9.10212839733564 7.42192635441192 37.027773329239 84.6 NA NA 81156.4765625 3.31 48.853406055616 410.526802218115 4.2
"83" "Italy" 43 12 132547 135586 139422 4.7519998550415 29.562 7 744713 70.438 5.27086678640296 100 18.7412006460296 60431283 NA 0.77434001307563 28.9543448380087 0.611246943765291 NA 9.21500015258789 99.15576 79.9484547354947 NA 94.7772139982593 39614439156.6484 53839134098.599 152361936421.553 85.6 81 NA 1 NA 22.7516796025077 NA 5 91.4 2.6 256596 NA NA NA NA NA NA 6.23859550712916 7.86744626582275 NA 85.6 NA NA 96468.890625 3.74 9.88970527517275 205.450747943156 5.6
"84" "Jamaica" 18.1096 -77.2975 58 63 63 22.3090000152588 44.326 2.9 -56658 55.674 2.5814458863859 99.5064468383789 NA 2934855 NA 1.94087814684517 51.0685283261114 3.89187592358255 5.40731 9.52400016784668 NA NA NA 99.9999999999574 774620603.11409 -287575331.009028 3532039680.05605 75.878 72.708 NA 14.3 NA 8.79664255070196 NA 11.3 80 12.4 1215.272 4.52e+08 NA NA NA NA NA 6.32732336588992 53.3759013135404 NA 75.878 NA NA 18143.576171875 2.52 36.0526723261591 270.993074792244 13.6
"85" "Japan" 36 138 3654 3906 4257 3.73399996757507 8.384 14 357800 91.616 9.53870610327163 100 64.6280420867611 126529100 NA 0.788455875670337 18.1928640768829 0.476973684210521 NA 2.40599989891052 NA 93.0264551074629 NA 76.7615082281987 25876986330.2024 174718680921.703 1270467038786.78 87.26 81.09 NA 0.4 NA 27.576369910355 NA 5.6 82.4 1.8 999594 NA NA NA NA NA NA 3.03615914975781 4.871737679008 NA 87.26 NA NA 77383.8984375 4.03 32.3223008102939 347.073458415624 4.1
"86" "Jordan" 31.24 36.51 349 353 358 3.86999988555908 9.021 5 51099 90.979 2.96523830754741 100 20.7370401659862 9956011 NA 1.94029220505026 54.5586978750823 NA 3.58851 14.9449996948242 98.22711 NA 12.9 100 949859154.929577 -2849859154.92958 NA 76.052 72.628 NA 11.4 2982 3.84649039799834 1.4 12.7 78.4 13.9 36127 9.4e+07 NA NA NA NA NA 6.55918569395459 41.3262661514424 NA 76.052 NA NA 38873.82421875 2.69 22.7932168226138 112.14249831043 24.4
"87" "Kazakhstan" 48.0196 66.9237 662 697 727 15.6180000305176 42.572 68 -90000 57.428 14.3631697418223 100 15.8516026510329 18276499 NA 4.09999999987123 25.2912504856636 NA 2.75095 5.42500019073486 99.78163 NA NA 87.4142305282549 213804024.55809 -288852181.077518 30976612438.5176 76.92 68.72 NA 3.8 4459 7.39184627103032 NA 6.1 86 8.8 83287 7.4e+08 NA NA NA NA NA 6.16982969184371 3.95182001514157 14.7050433078792 76.92 0.12286 666.9353 52588.8359375 2.81 17.4260191763813 6.76982590658221 17.6
"88" "Kenya" -0.0236 37.9062 158 172 179 50.9790000915527 72.97 292 -50000 27.03 0.305923721896161 63.8114700317383 10.8959973350461 51393010 NA 6.3197813635439 23.0051779768841 NA 5.32024 9.30500030517578 81.53497 NA 56 100 1625921493.6155 NA 8196864887.82406 68.244 63.539 NA 38.9 NA 2.33918661191556 NA 3.1 27.1 30.6 137602.178444667 213920000 NA NA NA NA NA NA NA NA 68.244 NA NA 8818.2744140625 2.81 31.5721355695063 90.2994166637383 27.8
"89" "Korea, South" 36 128 10284 10331 10384 4.92000007629395 18.541 66 58657 81.459 11.5703454093401 100 50.1461578887108 51635256 NA 2.66831140171185 38.9937736107049 0.38294613224406 NA 3.71399998664856 NA 81.0284758071445 NA 100 14479300000 76408500000 403082233385.987 85.7 79.7 NA 0.3 NA 14.4185558323969 11.5 6.9 79.8 2.7 526374 NA NA NA NA NA NA 5.41265395644938 2.74066915060513 NA 85.7 NA NA 72270.203125 3.61 23.6878905332168 529.652103632681 9.8
"90" "Kosovo" 42.602636 20.902977 145 170 184 NA NA NA NA NA NA 100 NA 1845300 NA 3.81331354078284 55.5775847829135 NA NA NA NA NA NA NA 318542989.390947 -600498293.816061 881167306.173398 74.2 69.8 NA NA 1558 NA NA NA NA NA NA 6.3e+07 NA NA NA NA NA NA NA NA 74.2 NA NA NA NA NA NA NA
"91" "Kuwait" 29.5 47.75 665 743 855 3.21700000762939 0 23 197600 100 25.8492292753449 100 72.2515528813535 4137309 NA 1.24601594652857 43.7670247605056 NA NA 2.16499996185303 96.05647 NA NA 100 -21377568.8207293 24049115228.234 40282453060.4129 76.364 74.584 NA NA NA 2.55047238400198 NA 12.2 72.4 6.7 46450 NA NA NA NA NA NA 20.992662623811 1.07865245178358 NA 76.364 0.06192 513.86021 119560.65625 2.86 72.2515528813535 232.172222222222 17.6
"92" "Kyrgyzstan" 41.2044 74.7661 216 228 270 25.6609992980957 63.649 116 -20000 36.351 1.64639533887413 100 NA 6315800 0.9 3.50000000000006 68.3891768514591 NA NA 7.35599994659424 99.586 NA NA 97.4325569187238 144222600 -718465826.563985 2156976620.36741 75.4 67.2 NA 38.4 3045 4.49472797559656 NA 6.1 82.7 16.9 16344.3719734617 NA 27.7 23.6 4.3 NA NA 8.26084076428752 18.7296687285002 26.0466515518477 75.4 NA NA 9523.134765625 2.55 43.3964063948262 32.9290928050052 15.4
"93" "Laos" 19.85627 102.495496 12 14 15 66.0650024414063 64.996 162 -73518 35.004 0.29436488328788 93.6 NA 7061507 NA 6.24796000755872 NA NA NA 0.574000000953674 NA NA 31.4 100 1319609797.48538 -1430372875.80012 980441052.937056 69.074 65.508 NA 47.7 NA 4.0751499644481 NA 6.4 59.6 37.6 10172.8429167433 1500000 NA NA NA NA NA 12.9676847934516 12.1779774535739 NA 69.074 NA NA 13353.1787109375 2.7 26.8934100921996 30.5957842287695 16.6
"94" "Latvia" 56.8796 24.6032 542 548 577 9.44699954986572 31.858 29 -74186 68.142 3.49819288166911 100 NA 1926542 NA 4.62077695023 61.4891823719436 2.81140920075622 NA 8.22299957275391 99.88931 NA NA 89.0140461977576 446985589.697802 -210956999.560439 4370730735.82853 79.7 69.9 NA 88.8 18395 20.0436203206809 NA 5 91.8 3.3 54356 NA NA NA NA NA NA 3.68059042893868 5.01365220069174 NA 79.7 NA NA 59081.03125 2.81 48.5296134017477 30.9833065294307 9.3
"95" "Lebanon" 33.8547 35.8623 541 548 576 10.8470001220703 11.407 11 -150060 88.593 3.84359823135183 100 34.8269399942327 6848925 NA 0.199990636430059 39.6092335810864 NA NA 6.19600009918213 95.06944 NA NA 100 2632087415.3 -12445109298 52380608542.3956 80.786 77.031 NA 5.8 NA 7.00236813439294 NA 11.2 90.6 6.4 25740 3e+06 NA NA NA NA NA 19.4679123290367 45.4227864911041 NA 80.786 NA NA 41021.07421875 2.72 39.311165343918 669.494134897361 18.1
"96" "Liberia" 6.4281 -9.4295 14 14 31 45.8409996032715 48.849 308 -25000 51.151 0.214493388584254 21.4888687133789 29.4315577766817 4818977 NA 1.22255131299607 94.3321078431372 NA 2.58412 2.03200006484985 NA NA 65.7 100 129129754.833293 -674092298.882529 560299001.752168 64.68 61.911 NA 35.5 NA 3.25343179968014 NA 2.4 31.4 53.5 NA 2.5e+07 NA NA NA NA NA 0.618232004984871 NA NA 64.68 NA NA 2453.48999023438 2.23 57.5385757549326 50.0309073920266 35.9
"97" "Libya" 26.3351 17.228331 19 20 21 7.35300016403198 19.898 40 -9997 80.102 8.958794329552 70.1482009887695 17.3352457196282 6678567 NA 7.9497367979429 40.1212444439452 NA NA 17.2999992370605 NA NA NA 100 NA NA 85335649782.1665 75.619 69.672 NA NA NA 4.39204025898401 NA 10.2 71.9 10.2 7412.42875400346 NA NA NA NA NA NA NA NA NA 75.619 NA NA 72134.78125 2.11 21.6414632240592 3.79563238119054 26.1
"98" "Liechtenstein" 47.14 9.55 77 78 78 NA 85.662 NA NA 14.338 1.18217231281734 100 NA 37910 NA NA NA NA NA NA NA NA NA NA -87212093508.4059 NA NA 84 80.6 NA NA NA NA NA 9.4 NA NA NA NA NA NA NA NA NA NA NA NA 84 NA NA NA NA NA 236.9375 NA
"99" "Lithuania" 55.1694 23.8813 843 880 912 10.1389999389648 32.321 44 -163902 67.679 4.37809012309851 100 NA 2789533 NA 3.64475653175535 73.6789110643871 2.33450937988024 NA 6.63800001144409 NA NA NA 95.9998593070447 867654602.336174 817584208.600275 5770956096.50459 80.1 69.5 NA 40.2 NA 19.7050331564608 NA 3.8 89.8 3.3 2375 NA NA NA NA NA NA 2.81919579242839 3.22517537325499 NA 80.1 NA NA 64221.1328125 3.02 28.3938264594836 44.5313513780643 8
"100" "Luxembourg" 49.8153 6.1296 2843 2970 3034 1.95000004768372 9.01900000000001 8 48704 90.981 17.3621213728095 100 NA 607728 NA 3.11083626560442 175.544290965783 1.74332075653843 NA 5.41300010681152 NA 80.562295207665 NA 68.7756227449078 -5615033227.4932 3426284902.8119 938890223.596831 85.4 80.1 NA 1 NA 14.1831541841472 4.8 5 88.4 1.9 51824 NA NA NA NA NA NA 2.92664286776237 3.99487452237961 NA 85.4 NA NA 221452.921875 3.63 NA 250.093827160494 6.3
"101" "Madagascar" -18.7669 46.8691 82 88 93 70.9970016479492 62.809 233 -7500 37.191 0.130420845169797 24.0753917694092 11.6455111740114 26262368 NA 4.5647923154181 33.8198379741594 NA 3.23481 1.64499998092651 74.80432 NA 77.2 100 612036371.422122 80122318.4631141 1739588290.28962 67.909 64.728 NA 61.9 NA 2.98671712579162 NA 4.5 43.2 38.2 10170 245100000 NA NA NA NA NA 6.38436038582579 20.2238771323715 9.79857772578919 67.909 NA 34.04118 2927.53588867188 2.39 31.3127141278542 45.1398556204881 28.6
"102" "Malawi" -13.254308 34.301525 5 8 8 67.3470001220703 83.063 181 -80263 16.937 0.0783395970665838 12.7 5.675032374183 18143315 NA 3.49999999999999 NA NA 4.71484 5.375 NA NA 66.7 100 102033113.80307 -1426524326.02759 759614761.931253 66.4 60.155 NA 90.5 NA 2.64543493031032 NA 4.5 31.7 35.3 2327 6e+06 NA NA NA NA NA 4.62032197696521 3.84470617648111 20.8655402066954 66.4 NA NA 2733.89404296875 2.59 33.5067181744607 192.440761561307 31
"103" "Malaysia" 2.5 112.5 3793 3963 4119 13.6879997253418 23.964 92 249999 76.036 8.13021031314655 100 23.9906484861277 31528585 NA 4.74160645035721 61.745411268396 NA 4.53477 3.3989999294281 94.85441 NA NA 90.537343806725 8570094242.95007 7590221354.00599 101452531755.37 78.008 73.903 NA 18.2 NA 6.67175462547886 1.9 16.7 73.6 6.7 476733 1.543e+09 NA NA NA NA NA 5.98545872369598 8.8343747621729 15.9313634284387 78.008 NA NA 60187.3828125 3.22 31.5516970601393 95.9628214883579 23.6
"104" "Maldives" 3.2028 73.2207 19 19 19 11.3100004196167 60.192 33 56851 39.808 3.06837235497627 99.8 NA 515696 NA 6.8888171958136 77.1839483892858 NA NA 6.40299987792969 NA NA NA 0 538536564.514229 -1388151607.5595 722068698.776903 80.191 76.931 NA NA NA 3.70334460612454 NA 9.2 84.4 7.4 26789 4.78e+08 NA NA NA NA NA 10.5671939455279 82.6938366672004 NA 80.191 NA NA 34035.82421875 2.67 NA 1718.98666666667 0.9
"105" "Mali" 17.570692 -3.996166 47 56 59 66.3330001831055 57.644 53 -2e+05 42.356 0.0833693550692031 43.0898399353027 12.8251848101107 19077690 NA 4.89999574546111 34.0531709070044 NA NA 9.77600002288818 35.47377 NA 56.3 100 467067198.107612 NA NA 59.185 57.718 NA 62.2 NA 2.50722975755683 NA 2.4 30.5 62 NA 55400000 NA NA NA NA NA NA NA NA 59.185 NA NA 6394.76806640625 2.59 30.2795009149134 15.635015858186 23.1
"106" "Malta" 35.9375 14.3754 241 293 299 1.50699996948242 5.38800000000001 14 4501 94.612 5.40061395717027 100 NA 483530 NA 6.77232811144415 123.982943699442 1.64206001768947 NA 4.6269998550415 94.50319 NA NA 100 4735070858.12154 1433226277.63042 1024613729.12178 84.4 80.6 NA 4.6 NA 20.3493242997122 NA 8.3 90.5 6.1 20903 NA NA NA NA NA NA 2.85446482680587 8.76299241462466 NA 84.4 NA NA 96758.984375 2.81 NA 1511.03125 6.1
"107" "Mauritania" 21.0079 10.9408 6 6 6 55.4129981994629 46.328 93 25002 53.672 0.689388119146373 42.9123191833496 27.375123174133 4403319 NA 3.5542779844437 76.2198848987709 NA NA 10.3219995498657 NA NA 79.9 100 70755026.5279 -972886440.025002 934291833.830821 66.061 62.831 NA 64.1 NA 3.14111215805009 NA 7.1 37.2 51.5 5636.83947213211 NA NA NA NA NA NA 1.15714816396614 0.291008929085353 NA 66.061 NA NA 15087.9189453125 2.33 51.004485583805 4.27216357815077 24.7
"108" "Mauritius" -20.2 57.5 244 268 273 7.7020001411438 59.207 13 0 40.793 3.35311047207863 98.0314331054688 NA 1265303 NA 3.77381891285675 54.1888142175361 0.405655190309511 4.83459 6.86899995803833 91.32539 NA NA 100 371518185.9208 -815323260.187134 6353096296.20215 77.89 71.3 NA 11.7 NA 11.4741730686522 NA 22 88.7 13.6 14940 3.83e+08 NA NA NA NA NA 9.54918584596861 38.8811569685775 23.2678319882128 77.89 0.33521 288.12683 48821.19921875 2.73 NA 623.30197044335 13.7
"109" "Mexico" 23.6345 -102.5528 2143 2439 2785 18.128999710083 19.844 23 -3e+05 80.156 3.99044614866763 100 40.7090420895066 126190788 1.7 2.13595812119722 41.1590154688671 3.6359614212705 NA 3.37800002098084 95.37991 90.4262079109407 11.1 99.6561265475774 37495592533 -21995659963 176390278595.584 77.827 72.046 NA 8.9 1303 7.22368498087198 1.5 13.5 79.9 11 590727 589360000 45.4 36.4 2 NA NA 2.80036910958545 4.96059305792831 20.4492381899093 77.827 NA NA 40453.45703125 3.05 21.3355771014877 64.9146264050001 13.1
"110" "Moldova" 47.4116 28.3699 965 1056 1174 36.2220001220703 57.371 86 -6935 42.629 1.38682914196587 100 NA 3545883 0 3.39999999999942 54.998357631669 4.83778351428727 5.51108 3.73399996757507 NA NA NA 100 311870000 -1211370000 2995238116.31008 75.993 67.439 NA 20.8 4898 11.4695563413512 NA 5.7 90.1 13.6 13590 6e+07 25.7 22 4.4 NA NA 6.86098721838949 14.4862872804603 27.3190269944416 75.993 0.25498 696.07769 14641.1484375 2.46 33.7202809786355 123.51980353224 9.7
"111" "Monaco" 43.7333 7.4167 77 79 81 NA 0 0 NA 100 NA 100 NA 38682 NA 6.09999999999991 NA NA NA NA NA NA NA NA NA NA NA NA NA NA NA NA NA NA 2.9 NA 2.6 3 NA NA NA NA NA NA NA NA NA NA NA NA NA NA NA NA NA
"112" "Mongolia" 46.8625 103.8467 15 15 16 30.9500007629395 31.555 428 -4262 68.445 7.08802567796829 85.8696517944336 47.9583989441702 3170208 0.5 7.22584889934619 64.2328349644418 7.30481597480148 NA 6.34600019454956 98.42312 NA 42.7 97.0139805896742 1951528195.81853 -1902507511.63661 3549666961.87949 73.779 65.465 NA NA 5339 4.08353878726245 NA 4.7 79.7 14 7777 NA 32.7 25.7 3.3 NA NA 9.69597228683613 6.81877429502399 NA 73.779 0.10293 NA 32232.5234375 2.37 70.0685162884606 2.04060866654651 16.5
"113" "Montenegro" 42.5 19.3 233 241 248 8.56700038909912 33.187 15 -2400 66.813 3.5560717904183 100 NA 622345 NA 5.07786020112071 66.7342964918413 NA NA 15.7760000228882 98.84718 NA NA 100 485653127.823429 -943038608.582669 1202727764.78899 79.105 74.205 NA 2.6 NA 14.9749366447439 NA 9 95 2.3 6887 NA NA NA NA NA NA 1.99151112504161 52.1678725110468 NA 79.105 NA NA 49213.30078125 2.75 NA 46.2710037174721 10.7
"114" "Morocco" 31.7917 -7.0926 1120 1184 1275 31.2849998474121 37.547 99 -257096 62.453 1.7507945564544 100 21.7315718183433 36029138 NA 2.99021416952922 49.2554358334041 NA NA 9.02799987792969 73.75001 NA 13.1 100 3626012575.15534 -6444747450.12378 24461023093.2087 77.438 74.948 NA 27.3 756 7.0129048211122 NA 7 79.6 19.2 80154 2e+08 NA NA NA NA NA 5.45204134123441 22.0800694605501 24.6834070880413 77.438 NA NA 26442.02734375 2.54 16.3704746014871 80.7285189334528 19.6
"115" "Mozambique" -18.665695 35.529562 10 10 17 60.6080017089844 64.012 551 -25000 35.988 0.320578016654618 27.4254703521729 9.27978887415166 29495962 NA 3.42817366081721 84.2244178956122 NA 5.59847 3.19000005722046 NA NA 80.3 100 2678190543.5991 -4500762107.63333 3257710292.09573 62.091 56.293 NA 24.7 NA 2.8907644574499 NA 3.3 26.9 54 10479 8e+07 NA NA NA NA NA 1.28352669775177 5.53997255701068 0.020050842724026 62.091 NA NA 2814.59106445313 NA 15.4064147107958 37.508535313716 30.1
"116" "Namibia" -22.9576 18.4904 16 16 16 21.4400005340576 49.968 524 -24030 50.032 1.65169281658111 52.5011825561523 NA 2448255 NA -0.546332045263455 44.9191890291428 3.72697511621139 NA 23.1870002746582 91.52727 NA 33.2 100 199551871.91461 -354541982.085513 2149916908.24883 65.823 60.02 NA 16.6 NA 3.63603168074514 NA 4.5 40.9 29 14543 NA NA NA NA NA NA 1.07388948740041 9.82957458178292 31.1225767877005 65.823 NA NA 32659.541015625 NA 33.0048468827531 2.97374558175127 30.4
"117" "Nepal" 28.1667 84.25 9 9 9 58.9930000305176 80.26 151 208549 19.74 0.298463302719902 95.5074768066406 4.73418579856052 28087871 NA 6.65753266831794 46.2971031347845 NA 5.16365 1.24699997901917 67.90843 NA 54.3 100 68186670.7450293 -2774671387.79068 8335473017.41812 71.586 68.71 NA 72.7 NA 5.72767077569198 NA 7.2 66.2 26.7 71908 3.5e+08 NA NA NA NA NA 6.26698468458562 27.7828846715184 NA 71.586 NA NA 4468.05908203125 2.51 23.9827030021935 195.939107080572 15.9
"118" "Netherlands" 107.0417 -265.0278 18926 19709 20682 2.91599988937378 8.51000000000001 5.3 80000 91.49 9.92013807523839 100 12.4163884232718 17231017 NA 2.59745361827454 73.3313179310086 2.63369910249593 NA 3.76099991798401 NA 93.4610046096056 NA 99.5981414813269 -239337011214.707 99065091765.458 38431677254.824 83.2 80 NA 0.2 NA 19.1961926333387 NA 5.4 89.6 3.3 325942.296 NA NA NA NA NA NA 3.85310378322941 3.35266955604135 NA 83.2 NA NA 99029.6640625 4.02 7.17865285619598 511.457910359157 3.8
"119" "New Zealand" -40.9006 174.886 1106 1160 1210 7.85500001907349 13.462 7.3 74403 86.538 7.68657582544293 100 31.8672602599529 4885500 NA 2.77357101506234 28.2741552092056 NA NA 4.80700016021729 NA 59.7491685361223 NA 0 2128856170.74495 -7708679948.91985 17656593019.6171 83.4 80 NA NA 5308 15.6524245271741 NA 6.2 89.5 4.7 187851 NA NA NA NA NA NA 8.02396606849385 19.0841319332291 30.6865604678163 83.4 NA NA 71124.15625 3.88 36.8245859444148 18.5541756864532 7.8
"120" "Nicaragua" 12.8654 -85.2072 6 6 6 44.798999786377 41.478 41 -106360 58.522 0.791576322786616 86.7677993774414 16.2078863657068 6465513 NA -3.81606010321511 51.2746732381436 5.3762899084413 NA 4.86999988555908 NA NA NA 99.9026951322358 359200000 82999999.9999992 2261143360.12993 77.546 70.551 NA 34 NA 5.24749744838026 NA 11.4 76.4 15.7 NA 1.04e+08 NA NA NA NA NA 5.1855814091706 9.87027125102059 16.7283042182237 77.546 NA NA 12476.330078125 NA 27.6953697762113 53.7270483629716 NA
"121" "Niger" 17.6078 8.0817 253 278 342 79.1320037841797 83.575 87 20001 16.425 0.110542757005569 20.0419044494629 5.40829573726232 22442948 NA 6.48306670425471 33.0366878691783 NA 4.9198 0.256999999284744 NA NA 70.1 100 1997485164.9483 NA NA 62.776 60.485 NA 93.1 263 2.59500788269853 0.3 2.4 27 48 NA NA NA NA NA NA NA NA NA NA 62.776 NA NA 2464.5400390625 2.07 32.9272209674103 17.7176505881424 26.2
"122" "Nigeria" 9.082 8.6753 238 254 276 44.8919982910156 49.656 219 -3e+05 50.344 0.545794084565745 54.4 16.5138200055811 195874740 NA 1.93726806949346 17.5074563282189 11.3967949687168 NA 6.10599994659424 62.01601 NA 50.2 100 1997485164.94833 5334442800.14615 42838869124.791 54.843 53.086 NA 69.2 NA 2.74737700532743 NA 3.1 29 75.7 77482.726523888 4.4e+09 NA NA NA NA NA 18.4512656559857 2.91129132161068 NA 54.843 NA NA 18391.84765625 2.53 13.6530372484442 215.064988965381 21.4
"123" "North Macedonia" 41.6086 21.7453 570 599 617 16.2660007476807 42.037 13 -4999 57.963 3.61445103536235 100 NA 2082958 NA 2.66459188911705 72.8953760972152 0.766439573459688 NA 21.5809993743896 NA NA NA 100 648732424.984647 -25600396.88539 3284003546.93106 77.639 73.584 NA 61.2 NA 13.6701813815648 NA 9.3 95.3 8.7 NA 2.95e+08 NA NA NA NA NA 3.05771361935185 5.09094756953213 27.8690856744125 77.639 0.36398 799.27238 38987.2421875 2.7 48.3878261805863 82.5915146708961 6.4
"124" "Norway" 60.472 8.4689 5865 6086 6086 3.02699995040894 17.752 4.1 140000 82.248 9.27094513154166 100 19.0470643933692 5314336 NA 1.28954820126177 32.6325314512612 2.16773003305405 NA 3.96700000762939 NA 56.9516286499811 NA 2.04383779996992 -17352601275.0114 31372952649.9012 63145471060.2407 84.2 80.9 NA 0.1 NA 17.0492221563211 NA 5.3 87 2.1 NA NA NA NA NA NA NA 13.1757886185558 4.26622331607864 37.7030241924064 84.2 NA NA 131966.578125 3.7 23.1580886011803 14.5549195374975 2.7
"125" "Oman" 21 57 331 371 419 5.23199987411499 15.461 5.9 437000 84.539 15.1887951113164 100 29.9527506360412 4829483 NA 1.7640875486989 44.5244554965406 NA NA 3.08400011062622 95.65153 NA NA 100 6342262678.80364 -4346728192.22341 17388370607.2955 79.906 75.645 NA NA 2293 2.39278695625796 NA 10.1 71.9 9.8 76672 NA NA NA NA NA NA 9.0944288108368 6.44138448487136 NA 79.906 0.21961 235.97606 68115.84375 3.2 35.430686365254 15.6041453957997 16.1
"126" "Pakistan" 30.3753 69.3451 3766 4035 4263 32.8059997558594 63.334 265 -1166895 36.666 0.851472804393805 70.79 20.0718671999811 212215030 NA 5.83024190542581 19.7492590168979 NA NA 3.01999998092651 NA NA 45.5 100 2.354e+09 -19191340000 11837177725.8521 67.928 66.041 NA 53.9 NA 4.31277431133756 NA 19.9 57.8 57.2 48542 1.2e+09 NA NA NA NA NA 4.27144903935863 2.71482099771331 NA 67.928 NA NA 15906.044921875 2.42 19.7918930572625 275.289318700706 14.3
"127" "Panama" 8.538 -80.7821 1988 2100 2249 17.9020004272461 32.291 52 56000 67.709 2.25585475666538 100 42.6991675351393 4176873 1.7 3.6770136293445 NA -0.355083821021212 NA 3.90499997138977 95.41181 NA 25.8 71.6367476557604 5915110000 -6792241100 2121303718.10741 81.412 75.06 NA 17.1 NA 8.10473107966757 NA 7.7 74.6 13.1 119148 4e+08 49.2 37.1 1.2 NA NA 4.53576055218231 20.7841994303567 NA 81.412 NA NA 51613.6328125 3.28 63.0627636248687 56.1860774818402 14.3
"128" "Papua New Guinea" -6.315 143.9555 2 2 2 65.0169982910156 86.831 432 -3999 13.169 0.795074226118891 54.4274482727051 NA 8606316 NA -0.820774238373588 NA NA 1.9264 2.36899995803833 NA NA NA 99.9951657438565 335186822.9726 NA 2239395527.4358 65.326 62.784 NA 3.5 1264 3.44526925145617 NA 17.9 55.9 38 41545.1707849472 NA NA NA NA NA NA NA NA 19.0592874701574 65.326 NA NA 13287.5986328125 2.17 32.3692434747469 19.0043633794109 14.2
"129" "Paraguay" -23.4425 -58.4438 113 115 119 23.1180000305176 38.415 43 -82780 61.585 0.864029477268519 99.3 46.3221120083449 6956071 1.6 3.67662323135605 34.4058889899134 2.75709727562792 NA 4.67600011825562 94.0208 NA NA 99.0583082497181 386916058.139802 8632489.21793727 7738519105.8012 76.085 72.041 NA 29.4 NA 6.43021500946081 NA 9.6 74.4 17.2 4215 5.8e+07 46.2 35.9 1.7 NA NA 3.95577302466936 2.72043975502737 NA 76.085 NA NA 19130.685546875 2.78 75.2165552104906 17.5083589227284 22.7
"130" "Peru" -9.19 -75.0152 2561 2954 4342 28.6009998321533 22.093 123 495345 77.907 2.05198435817931 96.3629913330078 32.4815525562708 31989256 2.6 3.97693571755005 23.5370450811417 2.13715342569978 3.71993 2.90199995040894 94.40827 NA 34.2 99.9629262855861 6487906280.71858 -3593583886.29134 60333192024.232 79.031 73.612 NA 11.7 NA 8.08839279183076 NA 6.6 69.2 11.1 141025.363 2.15e+08 42.8 32.1 1.8 NA NA 6.64082116705214 8.72074694501272 NA 79.031 0.12704 NA 23319.3828125 2.69 41.6927261076316 24.99160625 13.5
"131" "Philippines" 13 122 3660 3764 3870 31.1580009460449 53.093 554 -335758 46.907 1.05114222978493 93 14.2777061251648 106651922 NA 6.24373774240088 44.3747490184624 NA NA 2.41199994087219 NA NA 38.3 96.3706587650922 9832332890.55406 -8729200166.23739 79195598849.54 75.268 66.971 NA 27.7 NA 5.12256876829946 NA 7.1 67.3 22.5 292450 745350000 NA NA NA NA NA 9.61410596159944 10.7636236786084 14.8968260818562 75.268 NA NA 20670.544921875 2.9 26.9502658922642 357.688305329175 12.3
"132" "Poland" 51.9194 19.1451 4413 4848 5205 11.1929998397827 39.942 16 -146976 60.058 7.51715158489872 100 4.65472771628868 37978548 NA 5.14801848357114 52.153985217767 2.227478809383 NA 3.27099990844727 NA 90.2913754356553 NA 99.9661157279646 1.6697e+10 -5.82e+09 116956636327.589 82 73.9 NA 0.2 NA 17.5178167625452 NA 6.1 90.3 3.8 123903 NA NA NA NA NA NA 3.4739665375282 4.84104001819847 NA 82 NA NA 62942.0234375 3.54 7.75038760750288 124.035886214442 9.7
"133" "Portugal" 39.3999 -8.2245 11730 12442 13141 8.38000011444092 34.789 24 -30001 65.211 4.33155402784831 100 41.1821436831547 10281762 NA 2.44126692937017 43.4350262486775 0.338178410046125 NA 6.12900018692017 96.13759 77.024122555839 NA 16.0083566266812 6420730028.3425 956877938.031136 24920338987.3177 84.3 78.1 NA 6.2 NA 21.9538575375873 NA 9.8 85.6 3.1 182753 NA NA NA NA NA NA 6.25606564732127 22.7109332338092 NA 84.3 NA NA 61394.453125 3.64 43.6597443041146 112.23945350807 7.4
"134" "Qatar" 25.3548 51.1839 1832 2057 2210 1.41700005531311 0.864999999999995 31 2e+05 99.135 43.8573079516167 100 NA 2781677 NA 1.49333999292831 34.3908188549984 NA NA 0.144999995827675 NA NA NA 100 -2186263736.26374 16652197802.1978 30358280804.0766 81.743 78.83 NA NA NA 1.3700703387375 NA 15.6 68.9 5.8 197811 NA NA NA NA NA NA 17.860239113011 14.8584760608804 NA 81.743 NA NA 160123.3125 3.47 25.1439377868194 239.593195521103 9.3
"135" "Romania" 45.9432 24.9668 4057 4417 4761 22.8899993896484 46.002 68 -369997 53.998 3.51615369125659 100 9.35291150181453 19473936 NA 3.95381054165951 44.8530544040469 NA NA 4.15899991989136 98.8445 NA NA 98.0174648814994 7343560129.25217 -10944639009.8913 42129061937.9341 79.1 71.7 NA 0 NA 18.3387013938296 NA 6.9 92.2 6.1 55637 50400000 NA NA NA NA NA 4.7251590521919 3.24440878825641 NA 79.1 NA NA 56805.71484375 3.12 17.3208479339522 84.6398470097357 10.3
"136" "Russia" 60 90 6343 7497 8672 7.48600006103516 25.567 54 912279 74.433 11.8575277737052 100 23.1913304477739 144478050 0 2.25480434572114 20.769322518279 4.470359768997 NA 4.54500007629395 99.73006 NA NA 91.6093290043281 8784850000 113454930000 468645216082.719 77.41 67.08 NA 21.9 NA 14.6747083203719 NA 6.1 87.4 6.1 885094 1762430000 37.5 29.9 2.9 NA NA 11.3005812147815 3.6769657025165 28.9402188855765 77.41 NA NA 54190.30078125 2.76 11.5397185738909 8.82207955488442 18
"137" "Rwanda" -1.9403 29.8739 105 105 110 55.1339988708496 82.789 59 -44998 17.211 0.0757642235602309 34.1 8.59893712690333 12301939 NA 8.60670599828319 34.1339613183534 3.35334299316911 3.11334 0.991999983787537 73.21559 NA 53.2 100 305520733.843573 -746888299.539202 1238058758.16221 70.398 66.187 NA 50 NA 2.9381960775388 NA 5.1 44 27 18439 NA NA NA NA NA NA 12.1289743261529 25.8928018669031 NA 70.398 NA NA 4011.00610351563 2.97 49.9618615709632 498.659870287799 29.7
"138" "Saint Kitts and Nevis" 17.357822 -62.782998 10 11 11 NA 69.224 0 NA 30.776 4.54998621341631 100 NA 52441 NA 2.92393881700276 58.7535711260774 NA NA NA NA NA NA NA 93552415.5252759 -72366082.8980678 363216830.554272 NA NA NA NA NA NA NA 13.3 NA 9.8 NA NA NA NA NA NA NA 9.93443017968863 60.6386941858798 NA NA NA NA NA NA NA 201.696153846154 NA
"139" "Saint Lucia" 13.9094 -60.9789 14 14 14 14.581000328064 81.322 3.2 0 18.678 2.2829283887468 98.7597885131836 NA 181889 NA 0.857135569988984 NA NA 3.67959 20.4689998626709 NA NA NA 100 40030761.7053615 102844196.7964 285824309.747523 77.283 74.581 NA NA NA 9.80653035642617 NA 11.6 82 14.9 NA NA NA NA NA NA NA 8.71971318785475 81.2711569887711 NA 77.283 NA NA 30421.083984375 NA NA 298.17868852459 35.4
"140" "Saint Vincent and the Grenadines" 12.9843 -61.2872 7 8 8 18.4699993133545 47.802 6.3 -1000 52.198 1.92005401383416 100 NA 110210 NA 2.16312894408262 NA NA 5.68122 19.7099990844727 NA NA NA 100 110052363.628836 -99139008.4906674 169562298.93521 74.892 70.075 NA NA 2509 9.58978686338024 NA 11.6 81 14.8 NA NA NA NA NA NA NA 10.6441250680793 76.2701685080011 NA 74.892 NA NA 26837.591796875 NA NA 282.589743589744 NA
"141" "San Marino" 43.9424 12.4578 266 279 279 NA 2.774 0 NA 97.226 NA 100 NA 33785 NA NA NA NA NA NA 99.91643 NA NA NA NA NA 338957476.907088 NA NA NA NA 5145 NA NA 5.9 NA 1.7 NA NA NA NA NA NA NA NA NA NA NA NA NA NA NA NA 563.083333333333 0
"142" "Sao Tome and Principe" 0.18636 6.613081 4 4 4 29.0620002746582 27.197 124 -8401 72.803 0.580793656470492 72.5107040405273 NA 211028 NA 2.65769375666697 NA NA 5.14907 13.4010000228882 92.81664 NA 86.6 100 23681668.8905599 -62185936.4016067 43683545.117539 72.329 67.565 NA NA NA 2.9256781090661 NA 2.4 54.7 24.4 NA NA NA NA NA NA NA 8.87722014487721 73.1935597095181 NA 72.329 NA NA 10893.2734375 2.65 NA 219.820833333333 27.5
"143" "Saudi Arabia" 24 45 2605 2795 2932 5.58799982070923 16.156 10 674895 83.844 19.4406664826471 100 47.2804719841251 33699947 NA 2.43411077754232 26.6643339172916 -1.20601688268319 NA 5.91800022125244 NA NA NA 100 4247084538.91783 70606423364.3911 509468527336.473 76.487 73.671 NA NA NA 3.31408802294981 NA 15.8 73.2 6 254063.746947842 NA NA NA NA NA NA 8.56023595709856 5.40537254099281 NA 76.487 NA NA 124031.6484375 3.01 24.4434653586729 15.6766543082956 28.8
"144" "Senegal" 14.4974 -14.4524 226 237 244 34.576000213623 52.808 118 -100001 47.192 0.624760004263926 61.7 18.7861194018554 15854360 NA 6.76629382353322 36.0852109664234 NA 4.65201 6.52199983596802 NA NA 39.4 100 629312447.9813 NA NA 69.324 65.242 NA 47.5 NA 3.08682370101833 NA 2.4 42.1 31.8 1087 1.73e+08 NA NA NA NA NA NA NA NA 69.324 NA NA 10681.458984375 2.25 39.807845239034 82.3474783150678 23.4
"145" "Serbia" 44.0165 21.0059 2200 2447 2666 18.8120002746582 43.908 17 20000 56.092 5.28252191688301 100 19.8988009883582 6982084 NA 4.39223723899327 59.2929135991213 1.8492298451109 NA 13.5129995346069 NA NA NA 100 4107322500.20414 -2630427633.83781 12874374086.5037 78.7 73.6 NA 4.4 NA 18.3457926916963 NA 9 94.6 4.8 28160 1117970000 NA NA NA NA NA 6.13551888464637 7.6676788520886 NA 78.7 0.92132 2087.21892 30569.681640625 2.84 35.4752883458266 79.8317402241024 7.4
"146" "Seychelles" -4.6796 55.492 11 11 11 NA 43.309 18 -1000 56.691 5.41867796276229 100 NA 96762 NA 3.62735158274192 102.082637916792 1.80611159983627 NA NA 95.86771 NA NA 100 43933526.5675816 -269435409.5915 549521831.728019 78.5 70.3 NA 0.4 NA 7.59454560435034 NA 12.3 80.8 12.4 18671 NA NA NA NA NA NA 5.35117698906762 35.420766610986 NA 78.5 NA NA NA NA NA 210.352173913043 15.9
"147" "Sierra Leone" 8.460555 -11.779889 6 6 7 60.3089981079102 57.945 298 -21000 42.055 0.186560087693797 23.4 14.8487076207878 7650154 40.1 3.44616262140143 39.2285313088917 NA 7.13846 4.32999992370605 43.20633 NA 75.6 100 217812918.996704 -646120563.726201 502557290.862546 54.697 53.049 NA 49.9 400 2.96655621131612 NA 2.4 33.2 78.5 NA 1.3e+08 35.7 29.4 3.4 NA NA 3.77996675695004 5.16251193191442 NA 54.697 NA NA 4623.77099609375 2.08 35.3078322255625 105.987170961485 NA
"148" "Singapore" 1.2833 103.8333 1375 1481 1623 0.657999992370605 0 47 135142 100 10.306331909983 100 100 5638676 NA 3.13946454303462 149.815981896454 0.565267132288671 NA 3.62400007247925 97.34486 NA NA 100 82039577168.0638 65072129790.3755 292715632357.011 85.2 80.7 NA NA NA 11.4633801933791 2.4 5.5 73.6 2.3 208787 NA NA NA NA NA NA 4.64597049013586 3.17870101119609 15.2055415634797 85.2 NA NA 153852 4 100 7952.9984184018 2.8
"149" "Slovakia" 48.669 19.699 534 581 682 3.77099990844727 46.274 5.8 7423 53.726 5.66158132774424 100 NA 5447011 NA 4.03370304338463 94.0648049902185 NA NA 6.36700010299683 NA 64.0914950988802 NA 100 2551913226.95168 -2760395632.88142 5229297354.833 80.7 73.8 NA 0 NA 15.629246504777 5.8 6.5 89.2 4.6 NA NA NA NA NA NA NA 2.80815871532977 3.27237655592596 NA 80.7 NA NA 67853.4375 3.03 14.6907818009534 113.290578202995 6.1
"150" "Slovenia" 46.1512 14.9955 1021 1059 1091 6.12799978256226 45.459 5.3 9999 54.541 6.21368684468327 100 NA 2067372 NA 4.11821785906514 77.0982546080683 1.63052260754338 NA 5.5019998550415 NA 61.114199486892 NA 99.4910252834569 1523856931.75901 3073243299.12844 933092542.007261 84.3 78.2 NA 1 NA 19.6068796541788 NA 5.9 88.4 1.7 18444 NA NA NA NA NA NA 4.21483334690866 7.32150137778033 NA 84.3 NA NA 73310.3828125 3.31 NA 102.639859503382 6.4
"151" "Somalia" 5.1521 46.1996 7 8 12 71.3560028076172 55.029 262 -200002 44.971 0.045347230872012 32.9465141296387 13.8699536265419 15008154 NA NA 99.6004655120259 NA NA 13.9549999237061 NA NA 73.6 100 4.09e+08 NA NA 58.42 55.067 NA NA NA 2.87331094294556 NA 5.1 23.9 76.6 98 4.42e+08 NA NA NA NA NA NA NA 0.00023745909133936 58.42 NA NA 6851.56787109375 2.21 30.8419948270321 23.9234769024771 27.1
"152" "South Africa" -30.5595 22.9375 1686 1749 1845 6.24900007247925 33.645 520 727026 66.355 8.97906234758848 84.4 35.3078235783543 57779622 NA 0.787055570495099 29.5632511055317 4.12435072486239 6.15899 27.3209991455078 NA NA 23 100 5470685860.33813 -13384035620.6971 51642041966.6735 67.064 60.162 NA 15 NA 5.31800500542302 NA 12.7 51.3 28.5 180317.18600139 9.7e+07 NA NA NA NA NA 5.82867789187758 8.8935754524209 NA 67.064 NA NA 43368.6875 3.38 14.3089032487188 47.6301197767684 25.9
"153" "South Sudan" 6.877 31.307 1 2 2 38.701000213623 80.385 146 -870998 19.615 0.141748231600483 25.3820705413818 NA 10975920 NA NA NA NA NA 12.7150001525879 34.52276 NA 95.6 100 60140000 -315550000 NA 58.891 55.88 NA NA 268 3.39848287985152 NA 10.2 27.3 63.7 NA NA NA NA NA NA NA 14.3628279932358 0.387776007652113 NA 58.891 NA NA 3359.712890625 NA 17.1354625586469 NA 29.9
"154" "Spain" 40 -4 136675 141942 148220 5.97499990463257 19.679 9.4 2e+05 80.321 5.03382448723757 100 25.6641413770115 46723749 NA 2.35100813140505 32.4030334563585 0.699536241717015 NA 14.6999998092651 98.4365 72.9555461183378 NA 41.115549425172 49074301840.6961 27306631572.0147 70633189427.7056 86.3 80.5 NA 1.9 10579 19.3785075224995 NA 6.9 91.4 2.5 641020 NA NA NA NA NA NA 5.7986812093149 16.3031973538393 NA 86.3 NA NA 87113.2265625 3.83 17.3122841434921 93.5290582615872 4.1
"155" "Sri Lanka" 7 81 178 185 189 23.9640007019043 81.524 64 -489932 18.476 0.885247473289056 97.5449752807617 NA 21670000 NA 3.20913112799197 30.1336493582251 NA 2.11189 4.32299995422363 91.70982 NA NA 45.5384172591341 1610543974.22884 -2813681478.29762 6920825566.09992 79.979 73.238 NA 26.3 4943 10.4732197537841 NA 10.7 82.8 6.4 34425 1.2e+08 NA NA NA NA NA 9.26581828380392 27.6749773558156 16.2389114446219 79.979 NA NA 34133.96484375 2.6 14.9814836044917 345.558922022006 14.9
"156" "Sudan" 12.8628 30.2176 12 14 14 38.2729988098145 65.358 71 -250001 34.642 0.299732598319775 56.4515495300293 13.238937911679 41801533 NA -2.32082732082732 12.3456378998456 NA NA 12.9969997406006 60.69718 NA 91.6 100 1135787164.04941 -4678501890.25183 NA 66.705 63.09 NA 59 NA 3.58116052825144 NA 22.1 52.2 42.1 3170 3e+07 NA NA NA NA NA 0.157818441898368 20.8779243729127 NA 66.705 NA NA 18172.373046875 2.43 38.2164366036418 NA 25.7
"157" "Suriname" 3.9193 -56.0278 10 10 10 8.72500038146973 33.94 38 -4999 66.06 3.59891229103896 96.7831420898438 NA 575991 NA 1.90000000000001 NA NA NA 7.41200017929077 94.38327 NA 7.3 100 130960766.326423 -117982950.515173 580780344.590911 74.817 68.274 NA NA NA 6.90636990225525 NA 12.5 75.9 16.9 3225 NA NA NA NA NA NA 4.93243932748648 3.2084253330086 NA 74.817 NA NA 40569.56640625 NA NA 3.69225 14.5
"158" "Sweden" 63 16 7206 7693 8419 2.53900003433228 12.569 5.5 2e+05 87.431 4.47818217821374 100 15.5449356413889 10183175 NA 2.22523861239767 43.2869887657557 1.78415097403832 NA 6.83799982070923 NA 25.1170961346531 NA 3.63648738190616 9022400100.07153 9478630193.19259 60566144400.5195 84.1 80.6 NA 0.2 15228 20.0955249278002 NA 4.8 89.9 2.2 NA NA NA NA NA NA NA 7.45223566110453 5.90786893396802 NA 84.1 NA NA 100078.390625 4.05 17.779660735201 25.0010434312931 2.8
"159" "Switzerland" 46.8182 8.2275 21657 22253 23280 3.51600003242493 26.203 6.4 259999 73.797 4.31156299409097 100 16.0954861614625 8516543 NA 2.75051698095396 53.9033954564242 0.362916004520384 NA 4.87400007247925 NA 50.1682254807986 NA 49.3001362303515 -67677224099.7803 74099963146.712 787021335043.725 85.6 81.7 NA 2.9 NA 18.6232165647717 NA 5.7 89.6 3.7 219782 NA NA NA NA NA NA 5.43604751623313 4.38504393766401 16.9715587456091 85.6 NA NA 106681.3671875 3.9 21.8104892749397 215.521378417094 2.7
"160" "Syria" 34.802075 38.996815 19 19 19 14.83899974823 45.838 19 -2136954 54.162 1.64053906266363 89.638786315918 31.7537450425975 16906283 NA NA NA NA NA 8.18200016021729 NA NA 19.3 100 NA NA NA 77.418 65.407 NA 43.5 NA 4.50312442147583 NA 13.5 45.1 14 167.753530166881 4.5e+07 NA NA NA NA NA NA NA NA 77.418 NA NA 9490.3349609375 2.3 25.3314456248326 92.0671077710614 26.5
"161" "Tanzania" -6.369 34.8888 24 24 25 62.7840003967285 66.224 253 -200381 33.776 0.231426985468443 32.8133316040039 12.5196623310045 56318348 NA 5.44496763189639 NA 3.46428057999026 3.69644 1.91199994087219 NA NA 50.7 100 1055991268.20234 -1890298123.96952 5049646420.4773 66.346 62.581 NA 40.9 NA 2.60129917835952 NA 5.7 32.9 37.6 51577 1.34e+08 NA NA NA NA NA 8.27664312087966 29.365314733999 14.3242085910558 66.346 NA NA 6182.01806640625 NA 31.7925190640248 63.5790787988259 29.2
"162" "Thailand" 15 101 2220 2258 2369 32.7649993896484 50.051 153 97222 49.949 4.62037714609842 100 20.0552124657007 69428524 0 4.12922610260051 56.4883209346758 0.706728601314305 NA 0.694999992847443 93.76776 NA 25 100 13398678283.5119 32385567305.5889 205640628937.522 80.468 72.977 NA 1.3 NA 11.9008931395893 NA 7 74 7.8 475886.496 3.129e+09 36.4 28.1 3 NA NA 5.16918125886915 19.6252266720896 18.4788451199659 80.468 NA NA 31007.45703125 3.41 29.2867702400653 135.897206835131 32.7
"163" "Timor-Leste" -8.874217 125.727539 1 1 1 50.1809997558594 69.422 498 -26924 30.578 0.399696508054373 80.3807525634766 NA 1267972 NA 2.81398229160807 NA NA 4.12844 3.00799989700317 68.06683 NA NA 100 47925664.570816 -191147184.887931 673903564.681158 71.092 67.053 NA 9.8 433 4.31649229400603 NA 6.7 45.4 39.3 NA 4.9e+08 NA NA NA NA NA 12.3617053609276 64.0015153353887 NA 71.092 NA NA 30476.19140625 NA NA 85.270477471419 12.7
"164" "Togo" 8.6195 0.8248 58 65 70 39.5349998474121 58.298 36 -9999 41.702 0.3673166295811 48 22.1285739528519 7889094 NA 4.91014753954207 42.2890443313526 NA 5.42885 1.66999995708466 NA NA 51.2 100 101981197.487 NA NA 61.317 59.644 NA 63.1 NA 2.86946801108822 NA 2.4 37.6 47.4 11559 4.42e+08 NA NA NA NA NA NA NA 17.8860132664408 61.317 NA NA 3377.375 2.45 53.0635792468487 145.046773303916 29.2
"165" "Trinidad and Tobago" 10.6918 -61.2225 105 107 107 4.32600021362305 46.816 21 -3999 53.184 33.966414453933 100 NA 1389858 NA -0.245213697183118 NA NA NA 2.81399989128113 NA NA NA 100 -602524631.736673 1190671717.29804 8108517577.38663 75.955 70.616 NA NA NA 10.7349535163324 NA 11 80.7 16.4 32770 NA NA NA NA NA NA 1.64292279361293 4.86517541696023 NA 75.955 NA NA 65724.546875 2.42 73.6512793872145 270.927485380117 12.1
"166" "Tunisia" 34 9 596 623 628 16.2089996337891 31.055 35 -20000 68.945 2.60593240600076 100 19.807493235744 11565204 NA 2.48282683815427 62.0400455204866 NA NA 15.5100002288818 NA NA 8 100 988942901.040222 -4428708158.07369 5661370258.89029 78.35 74.297 NA 12.8 NA 8.31567907898877 2.3 8.5 85.8 14.6 41446 8.4e+08 NA NA NA NA NA 3.87008547532526 11.9476441556252 NA 78.35 0.59997 1771.60777 37379.8046875 2.57 28.729411823724 74.4413233779609 22.8
"167" "Turkey" 38.9637 35.2433 30217 34109 38226 15.0819997787476 24.857 16 1419610 75.143 4.47977349568748 100 36.8553458706931 82319724 0.1 2.82677612033162 30.6272671841141 15.1768215720023 NA 11.8950004577637 NA 86.843187660708 11.9 100 1.3061e+10 -2.7032e+10 92982552060.703 80.088 74.149 NA 1.1 NA 8.4832129399716 NA 11.1 89.4 9.1 772925.545 6923900000 41.9 32.6 2.2 NA NA 2.08447270313485 16.6213168164405 33.8724297508497 80.088 NA NA 75072.328125 3.15 23.8463704730436 106.960128893104 12.3
"168" "Uganda" 1 32 52 52 53 65.4960021972656 76.226 200 843469 23.774 0.141664527352892 22 6.99001072931462 42723139 NA 6.15235491276995 28.6900064634472 2.86909425020554 2.52076 1.78699994087219 76.5275 NA 53.6 100 1337128157.97908 -2564699081.29155 3358514649.90299 64.64 60.27 NA 74.2 NA 1.94098692046317 NA 2.5 32.9 33.8 4832 4.04e+08 NA NA NA NA NA 3.86635083367024 18.619376427533 14.1930504846056 64.64 NA NA 4855.69384765625 2.58 29.4019129075429 213.061734490325 29
"169" "Ukraine" 48.3794 31.1656 1319 1462 1668 17.4200000762939 30.648 80 50001 69.352 5.02074706440171 100 12.1100029411161 44622516 0 3.33548930910057 53.8086877645976 NA NA 9.3120002746582 NA NA NA 100 2.476e+09 -4.367e+09 20817897004.1028 76.78 67.02 NA 14.4 NA 16.4346864392016 NA 6.1 91 7.5 66712 1.5e+08 26.1 22 4.2 NA NA 11.7542764744263 3.83698317409318 33.4237021755197 76.78 0.47134 988.07663 19965.7578125 2.83 9.55421704227543 77.0296673514129 13.7
"170" "United Arab Emirates" 24 54 2076 2359 2659 4.26700019836426 13.478 1 2e+05 86.522 22.9396063130991 100 59.9724700312814 9630959 NA 1.72634934292543 67.9783656986559 -1.93108114782171 NA 2.64299988746643 NA NA NA 100 10385286000 NA 99503335478.7452 79.008 76.966 NA NA NA 1.08500098484481 NA 16.3 76.8 6.5 455957 NA NA NA NA NA NA NA NA 4.04000838393531 79.008 1.30316 2378.88895 100218.2890625 3.96 33.4262581877277 135.609110109828 18.1
"171" "United Kingdom" 270.0299 -482.9247 52279 55949 61474 1.58399999141693 16.602 8 1303250 83.398 6.49744049045117 100 26.8188984850139 66488991 NA 1.38567356958762 31.769657960321 1.73810460086511 NA 3.80900001525879 NA 80.3517712672552 NA 66.5332490328298 35064410362.3284 -123105578164.124 172657749536.315 83 79.4 NA 0.1 NA 18.3958656741466 NA 3.9 88.8 3.6 1242985 NA NA NA NA NA NA 7.59537364202657 5.66244750769187 NA 83 NA NA 82216.828125 3.99 16.3145270008349 274.82739222089 3.1
"172" "Uruguay" -32.5228 -55.7658 406 424 424 12.418999671936 4.666 33 -15000 95.334 1.98424083514046 100 50.3577393551559 3449299 0.1 1.62008362892931 18.9879779084104 NA NA 7.94199991226196 98.70386 NA NA 22.3857446597034 1172779059.58202 75715248.8946571 15556520867.2273 81.238 73.805 NA 2.1 NA 14.8145195308593 NA 7.3 84.9 6.4 NA NA 39.7 29.7 2.3 NA NA 9.9800198321672 14.8744616381481 34.9899067097619 81.238 NA 696.37621 46294.796875 2.69 52.822429451808 19.7080276539824 13.4
"173" "US" 37.0902 -95.7129 366667 396223 429052 1.97800004482269 17.744 3 4774029 82.256 16.502837239406 100 46.2579288988769 327167434 NA 2.92732272821085 15.3252110810918 1.81221007526015 NA 3.86899995803833 NA 82.4278282452692 NA 3.34317037021352 2.5839e+11 -4.90991e+11 449907088828.546 81.1 76.1 NA 0.8 NA 15.8076540556035 NA 10.8 88.3 5.6 9879630 NA NA NA NA NA NA 5.96064163794602 10.24045448276 22.367647861964 81.1 NA NA 117226.84375 3.89 6.99305941298036 35.766088580168 12.4
"174" "Uzbekistan" 41.3775 64.5853 457 520 545 30.3449993133545 49.522 70 -44314 50.478 3.42072274584901 100 7.47667757029197 32955400 NA 5.12211811333442 38.7365127489172 NA NA 5.49900007247925 99.99289 NA NA 100 624702706.364396 -3593899661.57895 27077105981.1617 73.508 69.25 NA NA 2584 4.4191378781364 NA 6.5 83.7 19.1 21514 2.5e+07 NA NA NA NA NA 11.6108708806334 9.29598328758047 17.0895244491599 73.508 0.12976 476.17883 15581.7333984375 2.58 14.8117545976379 77.4692054536906 11.5
"175" "Venezuela" 6.4238 -66.5897 165 165 167 10.7700004577637 11.792 48 -3266243 88.208 6.16473103431657 100 32.3515480238357 28870195 NA -19.6214525881595 NA NA NA 9.07900047302246 NA NA NA 99.9336624316864 9.56e+08 NA NA 76.194 68.523 NA 17.8 NA 7.26698662012597 NA 7 69.5 21.4 24986 3.4e+07 NA NA NA NA NA NA NA NA 76.194 NA NA 27174.22265625 2.23 11.523523568177 32.7307919052208 33.7
"176" "Vietnam" 16 108 245 249 251 38.2360000610352 64.081 182 -399999 35.919 1.81989397652576 100 16.9103812057717 95540395 1.9 7.07578861674985 102.474860762582 2.79601695517272 4.17277 1.89400005340576 95.00038 NA 27.2 100 1.55e+10 5899353000.00003 55452622582.5609 79.366 71.124 NA 29.1 NA 7.2749782978793 NA 6 77.2 16.5 283787 4500000 35.7 27.5 2.5 NA NA 2.40608364448114 3.89960829827361 NA 79.366 NA NA 11756.8740234375 3.27 23.7355376264594 308.125245912213 26.4
"177" "West Bank and Gaza" 31.9522 35.2332 254 261 263 6.46799993515015 23.836 0.77 -52816 76.164 NA 100 NA 4569087 NA 0.905278232405877 59.7356303751394 NA NA 29.8659992218018 97.21861 NA NA 100 262509658.39526 -1659244825.79363 537846124.64 75.446 72.106 NA NA NA 3.13330573708009 NA 9.5 NA 17.3 NA NA NA NA NA NA NA 8.64734863783412 8.43813641509338 NA 75.446 NA NA 22003.642578125 NA 19.3574193555803 758.984551495017 NA
"178" "Zambia" -15.4167 28.2833 39 39 39 46.0279998779297 56.479 346 -40000 43.521 0.292412222455776 40.3 14.5451238492419 17351822 NA 3.79490091669091 38.2368178350222 9.15031644316299 4.66738 7.14499998092651 86.74796 NA 54 100 408438491.702336 -342297144.809409 1569229906.13102 65.878 60.158 NA NA NA 2.09967802593266 NA 4.5 29.2 40.4 734 15550000 NA NA NA NA NA 4.6894811701325 7.43288431239065 NA 65.878 NA NA 9746.458984375 2.53 33.4209340801511 23.3414789007116 NA
"179" "Zimbabwe" -20 30 10 11 11 63.3199996948242 67.791 210 -584288 32.209 0.884721294332295 40.4213676452637 10.4925141031059 14439018 NA 6.15918979848757 25.5124757295663 NA 4.60449 4.89799976348877 NA NA 25.1 100 744637199.18 NA 86951094.0294849 62.22 59.105 NA NA NA 2.93952365300113 NA 1.8 33 33.9 3444 9.7e+07 NA NA NA NA NA NA NA NA 62.22 NA NA 3891.74291992188 2.12 32.5763444910973 37.3245909267158 34.7
