"Country" "Lat" "Long" "X4.6.20" "X4.7.20" "X4.8.20" "SL.AGR.EMPL.MA.ZS" "SP.RUR.TOTL.ZS" "SH.TBS.INCD" "SM.POP.NETM" "SP.URB.TOTL.IN.ZS" "EN.ATM.CO2E.PC" "EG.ELC.ACCS.ZS" "EN.URB.MCTY.TL.ZS" "SP.POP.TOTL" "NY.GDP.MKTP.KD.ZG" "NE.IMP.GNFS.ZS" "SL.UEM.TOTL.ZS" "EN.ATM.PM25.MC.ZS" "BX.KLT.DINV.CD.WD" "BN.CAB.XOKA.CD" "FI.RES.TOTL.CD" "SP.DYN.LE00.FE.IN" "SP.DYN.LE00.MA.IN" "SH.SGR.CRSK.ZS" "SP.POP.65UP.TO.ZS" "SH.STA.DIAB.ZS" "SH.DTH.NCOM.ZS" "SP.DYN.IMRT.IN" "IS.AIR.DPRT" "ST.INT.XPND.MP.ZS" "ST.INT.RCPT.XP.ZS" "SP.DYN.LE00.FE.IN.1" "SL.GDP.PCAP.EM.KD" "LP.LPI.OVRL.XQ" "EN.URB.LCTY.UR.ZS" "EN.POP.DNST" "SH.STA.TRAF.P5"
"1" "Afghanistan" 33 65 367 423 444 28.92799949646 74.505 189 -314602 25.495 0.293946407148718 97.7 10.792339238057 37172386 1.03066005804328 41.0303127819079 1.51900005340576 100 119435105.715177 -3654730153.50141 8206682106.31946 65.656 62.701 30.4992814913844 2.58492693988024 9.2 44.1 47.9 24433.446 2.83035333921324 3.10262204071831 65.656 4916.10693359375 1.95 42.3311983623682 56.937760009803 15.1
"2" "Albania" 41.1533 20.1683 377 383 400 34.6790008544922 39.681 18 -69998 60.319 1.97876331208568 100 19.5861233031787 2866376 4.14523793594839 45.3977304984143 13.956000328064 99.9999999999643 1204383363.60476 -1010238285.34799 3893560031.06681 80.148 76.601 7.4 13.7447359109736 9 93.1 7.8 2935 25.5314674703334 48.1951679829468 80.148 31132.7109375 2.66 27.5063925379807 104.612262773723 13.6
"3" "Algeria" 28.0339 1.6596 1423 1468 1572 10.3889999389648 27.371 69 -50002 72.629 3.7355201474105 100 6.37850392208528 42228429 1.39999999999998 32.3410220592228 12.3489999771118 100 1506316885.7744 -4346689112.563 87382910154.0942 77.735 75.307 5.9 6.36249654497986 6.7 75.7 20.1 77463 4.89709441240099 5.73565293029944 77.735 55316.42578125 2.45 8.78230990288061 17.7300750711665 16.4331483662536
"4" "Andorra" 42.5063 1.5218 525 545 564 8.7560962206957 11.938 3 -14858.5855939334 88.062 5.83290621488897 100 29.7818230120627 77006 1.62934547096762 59.6803195609895 7.06835991581191 17.8244594869492 15706777179.4614 -4346689112.563 59253640169.1635 83.7417048666623 78.1495311964001 5.54313475161763 20.2749928875753 7.7 89.0308403963736 2.7 718205.530100146 6.08649477729098 6.67321706746312 84.1053262249395 84199.2656792535 3.50939006410256 22.4245933403583 163.842553191489 6.69129881916329
"5" "Angola" -11.2027 17.8739 16 17 19 42.4129981994629 34.486 355 32066 65.514 1.29030677595566 41.88623046875 25.2329115687424 30809762 -2.13349325676356 38.9086930046492 7.24599981307983 100 -5732491335.28017 7402606519.27953 15410405365.47 63.252 57.677 10.6 2.21637364776329 4.5 27.4 51.6 13978 2.94352197094216 1.3457717330498 63.252 14784.7001953125 2.05 38.515297744971 24.7130520574316 23.6
"6" "Antigua and Barbuda" 17.0608 -61.7964 15 19 19 14.5604017450684 75.401 6 0 24.599 5.74441995635358 100 17.0288534065661 96286 7.38919716232351 46.0465572009752 5.74881586736763 100 135127898.770161 -113168506.910818 328659747.502549 77.871 75.571 13.6771478649275 8.79982551980558 13.1 81.8 5 23206.966273393 10.134036918054 84.3106823458553 77.871 59194.0810245408 2.94283762531328 38.1213691406745 218.831818181818 7.9
"7" "Argentina" -38.4161 -63.6167 1554 1628 1715 0.0879999995231628 8.13 27 24000 91.87 4.78150777487432 100 43.0081024392632 44494502 -2.48179244509274 16.4199284119137 9.98499965667725 93.8528246666324 11872856662.7649 -27478773447.7785 66221501691.4418 79.726 72.924 2.5 11.1177888760774 5.9 77.6 8.8 161688 15.1346704633444 7.8567752744146 79.726 48109.37109375 2.89 36.6134837504002 16.2585100979651 14
"8" "Armenia" 40.0691 45.0382 833 853 881 30.3889999389648 36.851 31 -24989 63.149 1.89871937365811 100 36.5991186323081 2951776 5.19999999965322 53.4824517351464 17.7070007324219 100 254146163.557324 -1165303576.08295 2259321868.53197 78.165 71.115 41 11.2538176570131 6.1 93.3 11 81784.5627327009 21.933781319289 26.3171955762686 78.165 24805.095703125 2.61 57.9567675616692 103.680224798033 17.1
"9" "Australia" -255.9695 1129.8623 5797 5895 6010 3.35199999809265 13.988 6.6 791229 86.012 15.3887660194467 100 60.8680313578917 24992369 2.94033358170461 21.3876035202283 5.32800006866455 24.8935837696774 60337583596.5415 -29660388139.524 53880533420.3007 84.7 80.4 0.6 15.6564752275591 5.6 89.5 3.1 665384 13.6625909532642 14.4613912959537 84.7 92936.21875 3.75 22.2933745854429 3.24912948744283 5.6
"10" "Austria" 47.5162 14.5501 12297 12639 12942 4.1100001335144 41.703 7.1 324998 58.297 6.86986792967669 100 21.4822996671089 8847037 2.41976363780752 52.0344068166518 4.63500022888184 85.0515376653505 4220346205.72346 10798736575 23190665221.0656 84.1 79.3 0.4 19.0015664595899 6.6 92.2 2.9 130260 6.01142300861459 10.0119483521856 84.1 96643.1875 4.03 36.8497527026846 107.206926667578 5.2
"11" "Azerbaijan" 40.1431 47.5769 641 717 822 30.4750003814697 44.32 63 6002 55.68 3.93156060898919 100 22.9898633459709 9942334 1.41287352692132 37.7191179640388 5.39599990844727 100 1402998000 6051077000 6665989936.45047 75.215 70.128 22.2245429292929 6.19518275071493 6.1 86.6 19.2 19960 13.8546875412132 11.1048009507593 75.215 34190.171875 2.67910031205465 41.2892628685675 120.265319946776 8.7
"12" "Bahamas" 25.0343 -77.3963 29 33 40 4.41599988937378 16.975 14 4999 83.025 6.52006971856257 100 37.3156795290074 385640 1.56575993568239 41.2700712302306 11.5019998550415 99.9999999918088 491404689.229667 -1505207344.95486 31282991842.276 75.718 71.3 17.9722589285714 7.25760235662035 8.8 73.9 8.3 56629.4566997085 10.4405650141285 77.246799590927 75.718 54089.23828125 2.53 36.3340049105996 38.5254745254745 15.971159596982
"13" "Bahrain" 26.0275 50.55 756 811 823 1.26699995994568 10.713 11 239000 89.287 23.455406320753 100 32.9029441259406 1569439 1.77672835806486 71.6572121891948 0.967999994754791 100 111170212.765957 -2434574468.08511 2334278370.00967 78.143 76.188 11.2257857316903 2.42633387832394 15.6 83 6.1 57094 14.7975308883519 12.7386670908223 78.143 70352.3828125 2.93 40.2932266708532 2017.27369979138 11.5759710935349
"14" "Bangladesh" 23.685 90.3563 123 164 218 31.4309997558594 63.368 221 -1847503 36.632 0.473657610012808 88 15.1180991744598 161356039 7.86370889257542 23.4439348097981 4.29300022125244 100 2940222419.73224 -7592873492.9096 32028383716.5949 73.978 70.409 64.2 5.15839063962068 9.2 66.9 25.1 101383.465723099 1.84356842877916 0.808262579200289 73.978 9690.7099609375 2.58 33.1231636140144 1239.57931166936 15.3
"15" "Barbados" 13.1939 -59.5432 60 63 63 3.75 68.853 0.4 -397 31.147 4.46747652067059 100 22.3392191122565 286641 -0.49842886553256 40.8905996112731 9.58800029754639 100 195096000 -16888889457.3113 31282991842.276 80.307 77.562 10.2840037992367 15.8026939621338 13.4 82.8 11.3 92618.2710093695 4.74348556683681 7.64514453706317 80.307 36284.703125 3.17340645802856 31.5471966318056 666.606976744186 5.6
"16" "Belarus" 53.7098 27.9534 700 861 1066 13.9040002822876 21.405 31 43648 78.595 6.70195770525782 100 21.1343217872209 9485386 3.04990554989585 69.1440943074798 5.79500007629395 99.9313519680704 1426500000 -34399999.9999999 7157559690.48716 79.2 69.3 11.5 14.8451481743098 5 90.5 2.6 31676 2.8044416160746 2.89012552281448 79.2 37015.5078125 2.57 26.89016113799 46.7287999040892 8.9
"17" "Belgium" 50.8333 4 20814 22194 23403 1.52799999713898 1.999 9 240000 98.001 8.32815989783976 100 26.980394443458 11422068 1.45840535284985 82.7389120694672 6.44099998474121 91.9485403518636 -62826327313.9836 -5250876554.09341 26856799008.9529 84 79 0.1 18.7887437383395 4.6 85.7 2.9 140674 4.63702852308325 2.31501757164638 84 105301.421875 4.04 18.3094284564919 377.214927344782 5.8
"18" "Belize" 13.1939 -59.5432 7 7 8 24.867000579834 54.276 30 6000 45.724 1.40094123373499 98.2651214599609 31.1977488413631 383071 3.03540365708952 58.0078191642862 9.49699974060059 100 119541646.954707 -154939838.804943 294468435.057294 77.453 71.533 25.003630474638 4.73645877657144 17.1 67.4 11.2 125681.690865347 4.43403657873265 45.2063565065369 77.453 18508.841796875 2.74045927318296 40.4650976604474 16.7939938623411 28.3
"19" "Benin" 9.3077 2.3158 26 26 26 48.3759994506836 52.688 56 -10000 47.312 0.614206089682334 43.0777473449707 14.9303877928018 11485048 6.85800227090556 44.1906620897664 2.02500009536743 100 207510854.998 -4346689112.563 31282991842.276 62.687 59.633 60.4 3.25360529746338 1 35.7 60.5 81784.5627327009 4.38423229755304 9.81582399523127 62.687 5455.67822265625 2.75 17.0698953919223 101.853919829727 27.5
"20" "Bhutan" 27.5142 90.4336 5 5 5 51.109001159668 59.105 149 1600 40.895 1.39222953427828 97.7 27.9378214512253 754394 3.02764059455085 55.8915879319988 2.18700003623962 100 2649712.66204277 -497629633.212195 987247035.583982 71.444 70.822 12.4 6.00301171280561 10.3 68.6 24.8 5187 6.26530993376602 15.5411911787977 71.444 20435.7109375 2.17 35.5131286873469 19.7775277714448 17.4
"21" "Bolivia" -16.2902 -63.5887 183 194 210 27.8390007019043 30.575 108 -47520 69.425 1.90636431997446 91.8 41.3356144052457 11353142 4.22362493214148 31.1211697950131 3.26600003242493 99.9991320215104 255082885.984613 -1989598183.43618 8929614182.53614 73.878 68.173 24.3 7.19194739218447 6.8 64.5 21.8 56592 8.57247022443529 9.3767084989034 73.878 15840.8193359375 2.36 23.0158036386824 10.4801458506416 15.5
"22" "Bosnia and Herzegovina" 43.9159 17.6791 674 764 804 16.2609996795654 51.755 25 -107926 48.245 6.38493881859933 100 21.8445875860056 3323929 3.62354616011993 55.7808947028023 21.2180004119873 99.9552350286901 488903026.034015 -750578394.081284 6808433501.27296 79.581 74.622 3.2 16.4703174710621 9 94.5 5 81784.5627327009 3.17729110607052 12.7259930289803 79.581 39423.4453125 2.81 21.3625961100753 64.92048828125 15.7
"23" "Botswana" -22.3285 24.6849 6 6 6 26.8390007019043 30.554 275 14999 69.446 3.3674513337553 62.8249473571777 32.855332214293 2254126 4.45358456639946 37.7659524881694 18.1919994354248 100 228718290.832085 345270348.558078 6656913637.84624 71.559 65.79 13.8 4.22387434629301 5.8 45.7 30 6774 3.681548740744 7.8366555775719 71.559 40666.953125 2.61626948498698 35.6191345219129 3.97742487604327 23.8
"24" "Brazil" -14.235 -51.9253 12161 14034 16170 13.039999961853 13.431 45 106000 86.569 2.61293352087838 100 41.9461931451321 209469333 1.11758734985511 14.2767004326273 12.2180004119873 68.1350300575805 78162572752.95 -41539692295.48 374709673447.828 79.156 71.804 12.9 8.92283783244003 10.4 73.9 12.8 832683 8.62714428399348 2.29983252453008 79.156 33194.62890625 2.99 11.939294933562 25.0617162430876 19.7
"25" "Brunei" 4.5353 114.7277 135 135 135 2 22.371 68 0 77.629 22.229177902672 100 22.97265691691 428962 0.0522377907767719 41.964043494891 9.24499988555908 0 511497137.753507 1067951167.66808 3407126454.77295 76.819 74.454 17.3981865079365 4.87314756750582 13.3 84.8 9.8 11310 10.2962198251364 2.69850388505865 76.819 170535.765625 2.71 28.105114524712 81.3969639468691 18.258091177828
"26" "Bulgaria" 42.7339 25.4858 549 577 593 9.02600002288818 24.992 22 -24001 75.008 5.87161586934993 100 18.1147333738029 7024216 3.08115723374425 64.3108705743695 4.81899976730347 99.8946743201431 1222580000 3492220000 28711039864.6649 78.5 71.3 9.8 21.021914434268 6 95.2 5.9 11435 5.41494713377715 11.6729699630456 78.5 44353.84765625 3.03 24.1504015013882 64.7035372144436 10.2
"27" "Burkina Faso" 12.2383 -1.5616 364 384 414 34.7540016174316 70.642 48 -125000 29.358 0.162018437716738 25.4737434387207 12.8161228988025 19751535 6.83238810300897 37.2388430772549 6.14900016784668 100 480001741.8593 -4346689112.563 31282991842.276 61.43 59.981 69.5 2.40698082866355 7.3 32.7 49 4270 4.78423211908515 8.4547775648786 61.43 5280.03076171875 2.62 43.6546158282195 72.1912828947368 30.5
"28" "Burma" 21.9162 95.956 22 22 22 53.1240005493164 69.421 338 -816564 30.579 0.413758590222221 69.8148365975088 12.1610820803712 53708395 6.20005107153845 42.0227336048394 1.57500004768372 100 1291196200.66864 -2137161106.25889 5646407387.45813 69.603 63.419 58.6647425303455 5.78464193257209 3.9 67.8 36.8 64397.9644896858 0.625447844166508 10.5932971498983 69.603 14095.1201171875 2.3 31.4029539397534 82.2386154835549 19.9
"29" "Burundi" -3.3731 29.9189 3 3 3 87.2870025634766 86.968 111 10003 13.032 0.0446999922899522 9.3 19.145521454666 11175378 1.60993308234522 30.5033368824551 1.53799998760223 100 983747.12499426 -362644693.882423 68126200.7714545 62.675 59.092 83.9 2.24694046033717 5.1 32.1 41 92618.2710093695 2.54060975902162 1.36791479575936 62.675 1614.05200195313 2.06 61.726409750236 435.178271028037 34.7
"30" "Cabo Verde" 16.5388 -23.0418 7 7 7 17.9750003814697 34.268 46 -6709 65.732 0.948113817341959 92.9136352539063 18.6144669080579 543767 5.07755082887782 68.2078053781849 12.3030004501343 100 107974093.736283 -94519229.6261681 606430600.295088 75.812 69.089 19.8 4.60932715666821 2.4 70.3 16.7 1546 7.22106468714003 53.5842255392712 75.812 15359.869140625 2.57836528822055 35.3741504244824 134.929776674938 25
"31" "Cambodia" 11.55 104.9167 114 115 117 30.1480007171631 76.612 302 -149999 23.388 0.437653585193574 89.07 12.0144816569412 16249798 7.49796350754166 63.3028853207448 1.01999998092651 100 3212633447.0447 -2992417483.19844 13885663251.0401 71.318 67.062 30.4992814913844 4.56868001756576 6.4 64.4 24 14387 4.93803121314257 26.2409950521192 71.318 7333.8232421875 2.58 51.370279144629 92.0564128710628 17.8
"32" "Cameroon" 3.848 11.5021 658 658 730 41.1949996948242 43.626 186 -24000 56.374 0.308791722441786 61.4018745422363 28.0286031575607 25216237 4.06240531944661 23.6975689193905 3.33999991416931 100 765138128.210638 -1409485089.99484 3459329760.96426 59.795 57.235 62.7 2.72887735524057 6 35.2 50.6 5550 10.8635393414282 8.66996592573408 59.795 8176.7578125 2.6 25.7161651648096 53.3439889149796 30.1
"33" "Canada" 671.7607 -1237.6289 16563 17872 19141 1.98599994182587 18.589 5.6 1210159 81.411 15.1589272191963 100 45.9325268972145 37058856 1.89697475634192 34.0930504449183 6.05700016021729 0 46542783393.9787 -45322715617.2744 83925602808.0082 84.308 80.288 0.4 17.2320066788651 7.6 88.3 4.3 1475062.58618088 5.77826805574899 4.03415384669407 84.308 87936.3984375 3.73 20.1605171497434 4.07530821431988 5.8
"34" "Central African Republic" 6.6111 20.9394 8 8 8 70.6709976196289 58.636 540 -2e+05 41.364 0.0673571264567361 29.9820384979248 28.5243591087752 4666377 3.78944359275462 46.9800224539673 6.52199983596802 100 17994743.8433 -4346689112.563 361797180.317651 54.354 50.152 58.6647425303455 2.82577370666008 6 26 84.5 81784.5627327009 5.76980788004537 11.3191921645191 54.354 1819.29504394531 2.15 44.0858978344213 7.49041221227006 33.6
"35" "Chad" 15.4542 18.7322 9 10 10 79.5650024414063 76.941 142 10000 23.059 0.0534072418467253 10.8764162063599 8.54567953703351 15477751 2.6413300339928 37.8810921062285 2.31900000572205 100 662206573.4331 -4346689112.563 147750165.909777 55.132 52.315 68.3 2.48051894434901 6 27.3 71.4 81784.5627327009 6.21890038173695 12.9241594854216 55.132 4950.89892578125 2.42 37.0600571866467 12.2917336404066 27.6
"36" "Chile" -35.6751 -71.543 4815 5116 5546 11.7700004577637 12.436 18 558539 87.564 4.64906220009855 100 35.6682894481119 18729160 4.02465296525456 28.7191327028464 7.43200016021729 97.6630177077565 6082221197.63492 -9157260644.9725 39858824174.8114 82.333 77.333 9.4 11.5298016568816 8.6 84.7 6.2 134661 3.62835496442146 4.63342178600577 82.333 51702.81640625 3.32 40.7339645446385 25.1894460666519 12.5
"37" "China" 1083.3367 3684.4197 82665 82718 82809 28.5289993286133 40.848 61 -1741996 59.152 7.54390764144927 100 27.8875617671767 1392730000 6.56697385961871 18.7313138032856 4.42399978637695 99.9982944622564 203492014029.265 49091588369.0827 3168216331199.09 78.828 74.315 26.5 10.9208835350654 9.2 89.3 7.4 4692008 10.8844351156334 1.52341960462756 78.828 31379.9921875 3.61 3.10527790612515 148.348833270666 18.2
"38" "Colombia" 4.5709 -74.2973 1579 1780 2054 22.4150009155273 19.222 33 1023981 80.778 1.79035682717161 99.5952377319336 43.8968000864474 49648685 2.56922098807335 20.8253458573742 9.1879997253418 92.1046289822956 11535119873.131 -13037301747.0417 47887623364.3511 79.694 74.124 10.4 8.47804701986958 7.4 74.8 12.2 358847 8.93981287881651 12.2508998097043 79.694 28080.451171875 2.94 26.3666682749363 44.7487021180712 18.5
"39" "Congo (Brazzaville)" -4.0383 21.7587 45 45 45 35.2550010681152 33.084 375 -20000 66.916 0.653359718672722 66.2148513793945 64.2080267899076 5244363 1.02555420747001 56.0218574027979 10.3870000839233 100 4313143665.0143 -4346689112.563 423617388.256644 65.316 62.546 60 2.68171953903232 6 34.6 36.2 8439 5.28983983282558 9.56912512190002 65.316 13040.802734375 2.49 63.5363623359297 15.3568462664715 27.4
"40" "Congo (Kinshasa)" -4.0383 21.7587 161 180 180 60.7270011901855 55.54 321 119303 44.46 0.0633308890302249 19.0936317443848 24.0990056500748 84068091 5.75793273827452 37.3422312884634 4.27199983596802 100 1284643393.84758 -2169064858.49838 665272094.992908 61.539 58.528 76.1 3.01784062159803 6 28 68.2 18612.1962447002 0.646996731516002 0.376205306165348 61.539 2495.19604492188 2.43 35.2392413310837 37.0825923557045 33.7
"41" "Costa Rica" 9.7489 -83.7534 467 483 502 17.0790004730225 20.66 10 21000 79.34 1.61808784926208 99.6 27.1579362572736 4999441 2.63398496797504 33.2420840335805 8.19099998474121 99.6887933668832 2763898445.34094 -1866153307.76786 7500924411.18614 82.557 77.354 8.2 9.54984767296984 9.1 83.3 7.6 39730 5.90941790624206 19.3973474852318 82.557 37608.67578125 2.79 34.2298205294467 97.9130630630631 16.7
"42" "Cote d'Ivoire" 7.54 -5.5471 323 349 384 53.1180000305176 49.221 142 -40000 50.779 0.487688034135766 65.6357574462891 19.6287488538239 25069229 7.43307162464457 29.2470562631073 2.4449999332428 100 912856300.8215 -4346689112.563 31282991842.276 58.32 55.864 55.5459925303455 2.85894301500285 2.4 37.2 59.4 15188 5.60451054793926 8.13260046317814 58.32 12113.244140625 3.08 38.6552483035222 78.8340534591195 23.6
"43" "Croatia" 45.1 15.2 1222 1282 1343 8.43400001525879 43.053 8.4 -40004 56.947 3.97380490559031 100 21.1822516872008 4089400 2.63078562253854 51.3615432817724 7.76900005340576 99.7796052732656 1284360877.94773 1459036223.54372 19991304927.8836 80.9 74.9 3.7 20.445433012423 5.4 92.4 4 27189 5.64641393224952 38.5868735951335 80.9 58758.2578125 3.1 29.4396105103464 73.0771979985704 8.1
"44" "Cuba" 22 -80 350 396 457 24.4270000457764 22.963 7.2 -72000 77.037 3.08099424581552 100 18.843199826991 11338138 2.24848039303581 12.5931035861752 2.25200009346008 99.9999999999811 4721826395.37792 -32383511780.8527 165303315825.296 80.643 76.699 8.80491054526842 15.1862114171521 9.6 83.7 3.7 8733.666 8.75403849949682 9.119050810775 80.643 54697.3049609406 2.2 24.4599356510304 108.999596231494 8.5
"45" "Cyprus" 35.1264 33.4299 465 494 526 3.6949999332428 33.19 5.4 25000 66.81 5.26046160455096 100 20.0149663503963 1189265 4.06019176189083 72.2795717929557 7.91699981689453 100 5206751664.27152 -1067068304.01677 924201541.467494 82.794 78.547 10.4 13.7190617734483 9 91.1 1.9 5456 8.61809977457805 18.9232403187276 82.794 51596.453125 3.15 26.5906348510316 128.708333333333 5.1
"46" "Czechia" 49.8175 15.473 4822 5017 5312 3.55999994277954 26.208 5.4 110057 73.792 9.16597837581982 100 12.1549884501673 10625695 2.95778447296561 72.0030708959607 2.47399997711182 99.6772126159304 8493644233.84427 860048615.269931 142511752519.564 82.6 76.5 0.3 19.4208768932343 7 89.9 2.7 50694 3.44022042992777 4.31227059186259 82.6 70237.859375 3.68 16.4719593241246 137.602887852888 5.9
"47" "Denmark" 189.8634 -40.0143 4875 5266 5597 3.23600006103516 12.126 5.4 75998 87.874 5.9357124821143 100 22.7828943986714 5797446 2.39132968541817 49.5945167161173 4.83099985122681 56.9144561104444 1166205135.1967 24780873569.4533 70942078373.7473 82.9 79.2 0.1 19.8129526369902 8.3 89.7 3.6 625007.5487356 5.9414777290166 4.59775437271808 82.9 98470.953125 3.99 25.9267736170828 138.067301738509 4
"48" "Djibouti" 11.8251 42.5903 90 90 135 47.3919982910156 22.223 260 4501 77.777 0.803830216224396 60.2 28.6627242987898 958920 5.46019075866732 178.881328667234 11.0299997329712 100 2.65e+08 -2707648211.57073 454193909.718601 68.023 64 51.0304369747899 4.52757937811482 5.1 44.4 49.8 81784.5627327009 3.98865254197455 8.63233998486819 68.023 9836.248046875 2.63 75.2949442156877 41.3684210526316 25.9732340992341
"49" "Dominica" 15.415 -61.371 15 15 15 25.3647056911089 29.517 6.4 -4115.65296845075 70.483 1.90868678342829 100 19.3707687503266 71625 2.26457023430542 65.095817562071 4.91108721912041 100 13286694.9945287 -225095301.374874 191323608.30539 69.2220595885093 66.4457920354194 21.3354930555556 6.24651855009513 11.6 63.5759099234099 32.9 92618.2710093695 6.95363495546831 68.538006850991 68.3462741944657 42977.409212141 2.69131459776893 37.189044774854 95.5 10.9
"50" "Dominican Republic" 18.7357 -70.1627 1828 1956 2111 14.6280002593994 18.926 45 -150000 81.074 2.11899466984248 100 29.8494659676405 10627165 6.98252758438241 28.504535080793 5.82800006866455 99.9134426224712 2744500000 -1159600000 7717561574.1843 76.99 70.609 16.1 7.08281747649721 8.6 72.3 24.1 129013.137529524 4.05381363470776 37.4460793296255 76.99 36326.68359375 2.66 36.8175557007141 219.97857586421 34.6
"51" "Ecuador" -1.8312 -78.1834 3747 3747 4450 29.2800006866455 36.179 44 182000 63.821 2.75326636341217 100 27.6345957884163 17084357 1.37712702988119 23.0467920375474 3.98099994659424 98.3156239365569 1410435145.23622 -1488129213.64077 2158694032.4143 79.442 73.833 24.4 7.15728972666108 5.5 72.2 12.2 53033 4.0684950486967 7.61486108501925 79.442 22303.599609375 2.88 26.5861487148008 68.7886817522951 21.3
"52" "Egypt" 26 30 1322 1450 1560 21.6429996490479 57.296 12 -190164 42.704 2.23273200470305 100 25.5652539413948 98423595 5.31412103746398 29.3662955784919 11.2930002212524 100 6797600000 -6293166088.33333 41839242990.7097 73.967 69.453 30.3 5.22977934620923 17.2 84.1 18.1 104473 3.79545671908511 24.6108510877487 73.967 39313.47265625 2.82 47.7649634748908 98.8734692852479 9.7
"53" "El Salvador" 13.7942 -88.8965 69 78 93 28.9419994354248 27.977 70 -202694 72.023 0.998428943780015 99.4903869628906 17.2362891278643 6420744 2.53894979803808 48.6179529493035 4.34600019454956 100 426819833.289778 -1241754700.4564 3568810597.97393 77.417 68.006 12.9 8.28709000480629 8.8 73.8 11.8 27601 3.86789820108477 18.1877160490933 77.417 17562.744140625 2.58 23.9316479587026 309.881467181467 22.2
"54" "Equatorial Guinea" 1.5 10 16 16 18 41.1500015258789 27.857 201 79998 72.143 4.76396715246517 67.1840972900391 25.5606591907533 1308974 -6.12874928878162 43.3468044957638 9.21199989318848 100 395884364.5524 -4346689112.563 48929813.6121629 59.259 57.059 47.3220277777778 2.45787734677897 6 35.9 62.6 19549.2208516854 6.04897031165336 9.14138082761654 59.259 56413.83984375 2.32 39.8054499842746 46.6657397504456 24.6
"55" "Eritrea" 15.1794 39.7823 31 31 33 59.3549995422363 52.8471369299002 89 -199290 43.7654521825397 0.650893193373025 48.4237899780273 16.4549674352871 3213972 5.6434375384576 57.2591489229036 6.5460000038147 100 61015000 -4346689112.563 31282991842.276 67.745 63.404 55.2216869747899 3.842704508252 5.1 45.2 31.3 919 3.87942018045015 8.65669575903159 67.745 4015.32397460938 2.09 32.8759084816751 124.853193407185 25.3
"56" "Estonia" 58.5953 25.0136 1108 1149 1185 4.97100019454956 31.12 13 19555 68.88 14.848819173174 100 29.5104259676523 1320884 4.76115846853359 70.7437935394783 5.88199996948242 0 1180195916.01414 612392506.040835 755005588.304243 82.2 73.3 79.6 19.6263568469749 4.2 92.7 2.1 790 7.59774586816587 10.2228003517302 82.2 64494.19140625 3.31 48.0341823977138 30.3861053600184 6.1
"57" "Eswatini" -26.5225 31.4659 10 10 12 14.456000328064 76.201 329 -41764 23.799 1.09840450548437 73.5262756347656 24.1259777708362 1136191 2.35100982006338 43.9119686281662 22.8540000915527 100 31264218.2718227 90250293.8305522 440685903.013845 62.753 54.329 11.3 4.01458794083506 4.5 36.7 43 92618.2710093695 2.08087997275661 0.863933573703219 62.753 28880.3984375 2.65276948498698 37.9131252023694 66.0576162790698 26.9
"58" "Ethiopia" 9.145 40.4897 44 52 55 71.0279998779297 79.237 151 150002 20.763 0.118240576234369 44.3 4.02809957786142 109224559 6.81016939097316 22.798726646213 1.78799998760223 100 3360419368.65295 -4611293722.98811 3987464165.90059 67.784 63.997 58.6647425303455 3.50113299760986 4.3 39.3 39.1 110971 3.0744322898584 46.5352282793683 67.784 3975.82788085938 2.58911733500418 19.4003737935325 109.224559 26.7
"59" "Fiji" -17.7134 178.065 14 15 15 39.5550003051758 43.752 54 -31008 56.248 1.35007092133099 96 24.3025045370268 883483 3.52620937156848 44.151412909059 4.15100002288818 82.8031823467088 468845976.069601 -470069077.236674 947653331.857671 69.043 65.594 47.3583774509804 5.44968041263952 14.7 84.4 21.6 24134 5.16960165314811 51.3240403469038 69.043 23569.73046875 2.35 40.257165456544 48.3570333880679 9.6
"60" "Finland" 64 26 2176 2308 2487 5.18400001525879 14.618 4.7 70000 85.382 8.66072124349448 100 23.1802176493508 5518050 1.67143888071415 39.2931632352753 7.2519998550415 0 -4878401765.03615 -4468797258.63879 10309164187.4717 84.4 78.6 0.1 21.7207875455222 5.6 93.2 1.4 125804 6.66518349258762 5.27907315743818 84.4 93160.171875 3.97 27.1488368371241 18.1568556480537 4.7
"61" "France" 91.3624 59.7192 98963 110065 113959 3.5 19.556 8.9 182636 80.444 4.57318159541951 100 22.7570834232261 66987244 1.72488062714211 32.1109689812119 9.09899997711182 78.2135639205549 59857774930.3435 -19014298810.729 166483400196.79 85.7 79.5 0 20.0346247469881 4.8 87.6 3.4 597412 6.18840249891611 8.07752900565779 85.7 97407.5 3.84 20.2291975765162 122.338395739199 5.5
"62" "Gabon" -0.8037 11.6094 24 30 34 26.6140003204346 10.63 525 16301 89.37 2.75638178150547 92.1912002563477 38.8096001139954 2119275 0.835804969429503 21.5123688593313 19.6060009002686 100 845752960.6347 -16888889457.3113 1321051088.57443 67.883 63.879 14.7 3.56390746835592 6 41 32.7 345391.10681346 8.0428349252433 9.14138082761654 67.883 62350.12890625 2.16 42.9509354824403 8.22476423332169 23.2
"63" "Gambia" 13.4432 -15.3101 4 4 4 24.2730007171631 38.73 174 -15436 61.27 0.253640981758284 56.2 19.1076804987532 2280102 6.54702656494995 41.5109863180911 8.89799976348877 100 32957945.2678928 -78645905.1960736 191773260.980301 62.84 60.088 41.3 2.58998093938232 1.9 34.3 39 625 1.67432277078687 48.2694865019217 62.84 5417.39404296875 2.4 31.2924386085219 225.30652173913 29.7
"64" "Georgia" 42.3154 43.3569 188 196 211 40.443000793457 41.368 80 -50000 58.632 2.41646049619644 100 28.8751809166443 3731000 4.80000000000014 61.1971488341745 14.246000289917 100 1218652826.35 -1192744352.9 3289463516.7195 77.816 68.98 36.7844619883041 14.8654914310525 5.8 93.7 8.7 7108 8.91481277731131 39.5431186389124 77.816 21660.1640625 2.44 49.2481577648156 65.2752020714511 15.3
"65" "Germany" 51 9 103374 107663 113296 1.60300004482269 22.688 7.3 2719112 77.312 8.88937039483839 100 9.58047278695829 82927922 1.52744629830981 41.254735570526 3.19899988174438 89.1743564300489 105276890168.508 289897516287.849 198027061675.403 83.5 78.6 0.1 21.4619619953309 10.4 91.2 3.1 922648.643490196 6.38673994407597 3.22285053527186 83.5 92717.6875 4.2 5.54038959350593 237.3709697733 4.1
"66" "Ghana" 7.9465 -1.0232 214 287 313 40.3619995117188 43.94 148 -50000 56.06 0.531371737898168 79 18.4905668363887 29767108 6.26348073195742 36.4138216028432 6.78399991989136 100 2989035000 -2043923676.53035 6294851564.02725 64.503 62.437 19.3 3.06889800693396 2.5 42.7 34.9 14373 5.72353595699859 4.42376536974536 64.503 11848.2451171875 2.57 18.3654162432694 130.821429199262 24.9
"67" "Greece" 39.0742 21.8243 1755 1832 1884 12.3269996643066 20.942 4.5 -80000 79.058 6.18033726778447 100 29.4155262821333 10727668 1.93437082746027 36.3904688555073 18.0809993743896 99.9999999998588 4025447788.57701 -6248523036.36721 7578500698.89502 84 78.9 7.7 21.6552720778435 4.7 86.2 3.6 144040 4.55695193033916 26.3766965912666 84 67037.2421875 3.2 37.2075254566635 83.2247323506594 9.2
"68" "Grenada" 12.1165 -61.679 12 12 12 23.0575951533941 63.728 2.1 -1000 36.272 2.22238342730161 94.695671081543 16.4401334913656 111454 4.17721518987342 55.1720799500312 4.38111770134956 100 153748019.800794 -116327736.4428 233815853.807382 74.949 70.07 19.9097291666667 9.62190679562869 10.7 81.3 13.7 81784.5627327009 6.35955589379954 84.3383121928503 74.949 46255.8670155518 2.65276948498698 38.1213691406745 327.805882352941 9.3
"69" "Guatemala" 15.7835 -90.2308 70 77 87 39.3730010986328 48.946 26 -46073 51.054 1.1510008356966 93.2880935668945 16.5302406271128 17247807 3.14504331729282 27.6848354752307 2.74600005149841 100 1051500000 6.65e+08 12583121641.7733 76.721 70.83 38.2 4.81207250828785 10 59.2 22.1 3205 5.13450008473528 11.1311802061383 76.721 19070.828125 2.41 32.3779554027252 160.953779395297 16.6
"70" "Guinea" 9.9456 -9.6966 128 144 164 62.2130012512207 63.86 176 -20000 36.14 0.219671872697791 35.4412155151367 14.8467358416306 12414318 6.16385332467215 53.0245859191977 3.57200002670288 100 352760000 -190500000 1224990168.34101 61.153 60.04 91.3 2.92602244847935 2.4 35.1 64.9 81784.5627327009 9.93625035529261 0.188629788318182 61.153 6207.51806640625 2.2 41.0811684295341 50.5222122741332 28.2
"71" "Guinea-Bissau" 11.8037 -15.1804 18 33 33 65.9909973144531 56.64 361 -6996 43.36 0.160335468516147 26.0473480224609 23.7253677025279 1874309 3.79999999203385 32.4552944897155 4.07000017166138 100 20553776.349135 -54107891.3671534 31282991842.276 59.62 55.597 67.9 2.82371633615269 2.4 30 54 81784.5627327009 16.2559757349751 5.25980895623503 59.62 3874.31005859375 2.39 68.7091177556294 66.6539473684211 31.1
"72" "Guyana" 5 -58.75 31 33 37 24.5629997253418 73.394 83 -30001 26.606 2.63239277948073 90.864875793457 29.4190856457714 779004 4.10000155013697 47.1231768121411 12.2189998626709 99.9881773200384 1180405596.06866 -1071725155.54714 518509369.454311 72.847 66.605 26.4157929292929 6.45027124309697 11.6 67.6 25.1 1931 2.63362399948619 1.75306045052141 72.847 21813.025390625 2.36 32.8784138220834 3.95734823469647 24.6
"73" "Haiti" 18.9712 -72.2852 24 25 27 63.1679992675781 44.722 176 -175000 55.278 0.271140186830838 43.7525634765625 23.7051270248713 11123176 1.48387978817684 58.4729311903517 13.4840002059937 100 1.05e+08 -342991166.731597 2370915011.76722 65.454 61.139 55.7 4.94940384843253 6.7 57.1 49.5 92618.2710093695 10.5625286767651 34.8631710747482 65.454 4216.81005859375 2.11 42.8834760823847 403.59854862119 26.0954568764569
"74" "Honduras" 15.2 -86.2419 298 305 312 44.6300010681152 42.904 37 -34000 57.096 1.05764802292736 86.5 14.2168226576168 9587522 3.74558474629505 60.3559049549425 4.10900020599365 99.9835217097179 1442587576.2096 -1263363273.91889 4769082161.53781 77.201 72.573 51.5 4.69061765907812 7.3 66.5 15.1 14832 4.46381183124831 10.2277038951877 77.201 10923.404296875 2.6 24.8998555376855 85.6870319063366 16.7
"75" "Hungary" 47.1625 19.5033 744 817 895 6.77400016784668 28.649 6.4 29999 71.351 4.2655749757664 100 18.0114210723237 9768785 5.09400256449817 80.5650745438455 3.46399998664856 100 -65454432832.8767 -677865387.331751 31366581856.0416 79.7 72.6 35.7 19.1577253832321 6.9 93.8 3.6 183541 2.57859219349514 7.15034979440386 79.7 62492.828125 3.42 25.2434030604325 107.906605545123 7.8
"76" "Iceland" 64.9631 -19.0208 1562 1586 1616 5.29300022125244 6.187 2.7 1900 93.813 6.05965740746397 100 39.0395689091175 353574 4.61147602956513 44.1312252976555 2.95000004768372 10.2852157949761 -434601330.215204 731283429.759972 6321213331.79507 84.1 80.4 35.3 14.7950925565689 5.8 89.8 1.5 54653.3025910987 15.9619688394254 25.5502920869965 84.1 84533.7265625 3.23 30.5925082395108 3.52692269326683 6.6
"77" "India" 21 78 4778 5311 5916 39.5270004272461 65.97 199 -2663434 34.03 1.72767050665838 92.6186599731445 15.4350806157941 1352617328 6.81136932613997 23.6396344113843 2.55100011825562 100 42117450737.2644 -65599439052.6676 399167159226.682 70.425 68 36.8 6.17995564947149 10.4 62.7 29.9 1200111.363 4.0111352655606 5.42657307048889 70.425 19588.892578125 3.18 6.19464475222521 454.938072575247 22.6
"78" "Indonesia" -0.7893 113.9213 2491 2738 2956 31.55299949646 44.675 316 -494777 55.325 1.81937838004494 98.14 13.3834074123722 267663435 5.17127032830882 22.0559700304026 4.375 95.5671472610627 19703343215.2014 -31046428468.8272 120660974090.95 73.515 69.156 20.2 5.85716561272863 6.3 73.3 21.1 959307.381 5.37795613606031 7.47385870702564 73.515 25804.927734375 3.15 7.10196276396912 147.75219008926 12.2
"79" "Iran" 32 53 60500 62589 64586 16.44700050354 25.102 14 -274998 74.898 8.38410110077933 100 25.9887213818331 81800269 2.41857958848197 32.7924035207982 11.9919996261597 100 3480333000 6896362043.7481 43871423927.5028 77.436 75.217 27.9 6.18457380562499 9.6 81.9 12.4 228803.615779 4.18103586746956 5.94295978371137 77.436 68776.09375 2.85 14.5200207649286 50.222420123284 20.5
"80" "Iraq" 33 44 1031 1122 1202 17.9300003051758 29.527 42 39171 70.473 4.89491703042353 100 25.0774660713542 38433600 -0.562745503168955 35.9484339574529 7.90500020980835 100 -4885100000 34369500000 64719421423.3098 72.318 68.277 19.7087420634921 3.32359966279505 8.8 54.7 22.5 21071 13.8107461846825 2.16032293890942 72.318 66629.1640625 2.18 25.1499973546547 88.5305700354617 20.7
"81" "Ireland" 53.1424 -7.6921 5364 5709 6074 7.91699981689453 36.83 7 118020 63.17 7.31393980771791 100 24.7537759302245 4853506 8.16987093310331 89.1849891528727 5.28399991989136 0.274091678859734 64535780983.1594 40900554448.0038 5222681912.93715 83.8 80.2 1.1 13.8658017012923 3.2 90.6 3.1 935961 2.17136602578505 3.13566641130987 83.8 157287.921875 3.51 39.1859645918407 70.452983016403 4.1
"82" "Israel" 31 35 8904 9248 9404 1.40199995040894 7.58199999999999 4 50002 92.418 7.86318134790706 100 57.9236362817713 8883800 3.45370251802824 29.0185324309142 3.93099999427795 100 20788600000 9276500000.00001 115265900520.851 84.6 80.7 3.9 11.9769860249625 9.7 85.8 3 53901 9.10212839733564 7.42192635441192 84.6 81156.4765625 3.31 48.853406055616 410.526802218115 4.2
"83" "Italy" 43 12 132547 135586 139422 4.7519998550415 29.562 7 744713 70.438 5.27086678640296 100 18.7412006460296 60431283 0.77434001307563 28.9543448380087 9.21500015258789 94.7772139982593 39614439156.6484 53839134098.599 152361936421.553 85.6 81 1 22.7516796025077 5 91.4 2.6 256596 6.23859550712916 7.86744626582275 85.6 96468.890625 3.74 9.88970527517275 205.450747943156 5.6
"84" "Jamaica" 18.1096 -77.2975 58 63 63 22.3090000152588 44.326 2.9 -56658 55.674 2.5814458863859 99.5064468383789 20.0387576190034 2934855 1.94087814684517 51.0685283261114 9.52400016784668 99.9999999999574 774620603.11409 -287575331.009028 3532039680.05605 75.878 72.708 14.3 8.79664255070196 11.3 80 12.4 1215.272 6.32732336588992 53.3759013135404 75.878 18143.576171875 2.52 36.0526723261591 270.993074792244 13.6
"85" "Japan" 36 138 3654 3906 4257 3.73399996757507 8.384 14 357800 91.616 9.53870610327163 100 64.6280420867611 126529100 0.788455875670337 18.1928640768829 2.40599989891052 76.7615082281987 25876986330.2024 174718680921.703 1270467038786.78 87.26 81.09 0.4 27.576369910355 5.6 82.4 1.8 999594 3.03615914975781 4.871737679008 87.26 77383.8984375 4.03 32.3223008102939 347.073458415624 4.1
"86" "Jordan" 31.24 36.51 349 353 358 3.86999988555908 9.021 5 51099 90.979 2.96523830754741 100 20.7370401659862 9956011 1.94029220505026 54.5586978750823 14.9449996948242 100 949859154.929577 -2849859154.92958 31282991842.276 76.052 72.628 11.4 3.84649039799834 12.7 78.4 13.9 36127 6.55918569395459 41.3262661514424 76.052 38873.82421875 2.69 22.7932168226138 112.14249831043 24.4
"87" "Kazakhstan" 48.0196 66.9237 662 697 727 15.6180000305176 42.572 68 -90000 57.428 14.3631697418223 100 15.8516026510329 18276499 4.09999999987123 25.2912504856636 5.42500019073486 87.4142305282549 213804024.55809 -288852181.077518 30976612438.5176 76.92 68.72 3.8 7.39184627103032 6.1 86 8.8 83287 6.16982969184371 3.95182001514157 76.92 52588.8359375 2.81 17.4260191763813 6.76982590658221 17.6
"88" "Kenya" -0.0236 37.9062 158 172 179 50.9790000915527 72.97 292 -50000 27.03 0.305923721896161 63.8114700317383 10.8959973350461 51393010 6.3197813635439 23.0051779768841 9.30500030517578 100 1625921493.6155 -4346689112.563 8196864887.82406 68.244 63.539 38.9 2.33918661191556 3.1 27.1 30.6 137602.178444667 5.86685128956571 9.48055937935824 68.244 8818.2744140625 2.81 31.5721355695063 90.2994166637383 27.8
"89" "Korea, South" 36 128 10284 10331 10384 4.92000007629395 18.541 66 58657 81.459 11.5703454093401 100 50.1461578887108 51635256 2.66831140171185 38.9937736107049 3.71399998664856 100 14479300000 76408500000 403082233385.987 85.7 79.7 0.3 14.4185558323969 6.9 79.8 2.7 526374 5.41265395644938 2.74066915060513 85.7 72270.203125 3.61 23.6878905332168 529.652103632681 9.8
"90" "Kosovo" 42.602636 20.902977 145 170 184 16.4112543196189 32.1653292387076 61.7434144028486 29813.5256029778 69.7496811752137 3.76286381830144 100 15.7140660391572 1845300 3.81331354078284 55.5775847829135 4.91108721912041 99.2509383099857 318542989.390947 -600498293.816061 881167306.173398 74.2 69.8 18.3844365079365 17.6608492780739 7.32285409606733 85.4365594673353 15.5094393108926 81784.5627327009 5.10330985577576 6.36046412317758 74.2 37877.3130446032 2.8579798587893 30.5081794013204 96.1481132800629 16.3746363863175
"91" "Kuwait" 29.5 47.75 665 743 855 3.21700000762939 0 23 197600 100 25.8492292753449 100 72.2515528813535 4137309 1.24601594652857 43.7670247605056 2.16499996185303 100 -21377568.8207293 24049115228.234 40282453060.4129 76.364 74.584 16.9104666005291 2.55047238400198 12.2 72.4 6.7 46450 20.992662623811 1.07865245178358 76.364 119560.65625 2.86 72.2515528813535 232.172222222222 17.6
"92" "Kyrgyzstan" 41.2044 74.7661 216 228 270 25.6609992980957 63.649 116 -20000 36.351 1.64639533887413 100 29.2418482755115 6315800 3.50000000000006 68.3891768514591 7.35599994659424 97.4325569187238 144222600 -718465826.563985 2156976620.36741 75.4 67.2 38.4 4.49472797559656 6.1 82.7 16.9 16344.3719734617 8.26084076428752 18.7296687285002 75.4 9523.134765625 2.55 43.3964063948262 32.9290928050052 15.4
"93" "Laos" 19.85627 102.495496 12 14 15 66.0650024414063 64.996 162 -73518 35.004 0.29436488328788 93.6 24.2906749940032 7061507 6.24796000755872 42.587906211 0.574000000953674 100 1319609797.48538 -1430372875.80012 980441052.937056 69.074 65.508 47.7 4.0751499644481 6.4 59.6 37.6 10172.8429167433 12.9676847934516 12.1779774535739 69.074 13353.1787109375 2.7 26.8934100921996 30.5957842287695 16.6
"94" "Latvia" 56.8796 24.6032 542 548 577 9.44699954986572 31.858 29 -74186 68.142 3.49819288166911 100 30.1811013568736 1926542 4.62077695023 61.4891823719436 8.22299957275391 89.0140461977576 446985589.697802 -210956999.560439 4370730735.82853 79.7 69.9 88.8 20.0436203206809 5 91.8 3.3 54356 3.68059042893868 5.01365220069174 79.7 59081.03125 2.81 48.5296134017477 30.9833065294307 9.3
"95" "Lebanon" 33.8547 35.8623 541 548 576 10.8470001220703 11.407 11 -150060 88.593 3.84359823135183 100 34.8269399942327 6848925 0.199990636430059 39.6092335810864 6.19600009918213 100 2632087415.3 -12445109298 52380608542.3956 80.786 77.031 5.8 7.00236813439294 11.2 90.6 6.4 25740 19.4679123290367 45.4227864911041 80.786 41021.07421875 2.72 39.311165343918 669.494134897361 18.1
"96" "Liberia" 6.4281 -9.4295 14 14 31 45.8409996032715 48.849 308 -25000 51.151 0.214493388584254 21.4888687133789 29.4315577766817 4818977 1.22255131299607 94.3321078431372 2.03200006484985 100 129129754.833293 -674092298.882529 560299001.752168 64.68 61.911 35.5 3.25343179968014 2.4 31.4 53.5 92618.2710093695 0.618232004984871 11.7470510108502 64.68 2453.48999023438 2.23 57.5385757549326 50.0309073920266 35.9
"97" "Libya" 26.3351 17.228331 19 20 21 7.35300016403198 19.898 40 -9997 80.102 8.958794329552 70.1482009887695 17.3352457196282 6678567 7.9497367979429 40.1212444439452 17.2999992370605 100 12123039.3250259 -4346689112.563 85335649782.1665 75.619 69.672 23.8999920634921 4.39204025898401 10.2 71.9 10.2 7412.42875400346 3.96639818840524 8.20459569058472 75.619 72134.78125 2.11 21.6414632240592 3.79563238119054 26.1
"98" "Liechtenstein" 47.14 9.55 77 78 78 31.431022553516 85.662 147.51426550175 17330.6763901936 14.338 1.18217231281734 100 15.1698602470605 37910 6.49122650588864 72.1274012028981 3.58976349770805 91.20838084194 -87212093508.4059 31693131775.288 49327400702.1805 84 80.6 21.7110553483754 17.6337981478101 9.4 81.2480832768591 10.9596207994904 175572.205525343 4.58984796185051 9.59213667123457 84 37553.3828120661 2.9875812573907 34.2115451338891 236.9375 15.8910106435962
"99" "Lithuania" 55.1694 23.8813 843 880 912 10.1389999389648 32.321 44 -163902 67.679 4.37809012309851 100 24.8622241013899 2789533 3.64475653175535 73.6789110643871 6.63800001144409 95.9998593070447 867654602.336174 817584208.600275 5770956096.50459 80.1 69.5 40.2 19.7050331564608 3.8 89.8 3.3 2375 2.81919579242839 3.22517537325499 80.1 64221.1328125 3.02 28.3938264594836 44.5313513780643 8
"100" "Luxembourg" 49.8153 6.1296 2843 2970 3034 1.95000004768372 9.01900000000001 8 48704 90.981 17.3621213728095 100 30.8620506054457 607728 3.11083626560442 175.544290965783 5.41300010681152 68.7756227449078 -5615033227.4932 3426284902.8119 938890223.596831 85.4 80.1 1 14.1831541841472 5 88.4 1.9 51824 2.92664286776237 3.99487452237961 85.4 221452.921875 3.63 24.0539255010323 250.093827160494 6.3
"101" "Madagascar" -18.7669 46.8691 82 88 93 70.9970016479492 62.809 233 -7500 37.191 0.130420845169797 24.0753917694092 11.6455111740114 26262368 4.5647923154181 33.8198379741594 1.64499998092651 100 612036371.422122 80122318.4631141 1739588290.28962 67.909 64.728 61.9 2.98671712579162 4.5 43.2 38.2 10170 6.38436038582579 20.2238771323715 67.909 2927.53588867188 2.39 31.3127141278542 45.1398556204881 28.6
"102" "Malawi" -13.254308 34.301525 5 8 8 67.3470001220703 83.063 181 -80263 16.937 0.0783395970665838 12.7 5.675032374183 18143315 3.49999999999999 28.3716725654143 5.375 100 102033113.80307 -1426524326.02759 759614761.931253 66.4 60.155 90.5 2.64543493031032 4.5 31.7 35.3 2327 4.62032197696521 3.84470617648111 66.4 2733.89404296875 2.59 33.5067181744607 192.440761561307 31
"103" "Malaysia" 2.5 112.5 3793 3963 4119 13.6879997253418 23.964 92 249999 76.036 8.13021031314655 100 23.9906484861277 31528585 4.74160645035721 61.745411268396 3.3989999294281 90.537343806725 8570094242.95007 7590221354.00599 101452531755.37 78.008 73.903 18.2 6.67175462547886 16.7 73.6 6.7 476733 5.98545872369598 8.8343747621729 78.008 60187.3828125 3.22 31.5516970601393 95.9628214883579 23.6
"104" "Maldives" 3.2028 73.2207 19 19 19 11.3100004196167 60.192 33 56851 39.808 3.06837235497627 99.8 16.8907424629493 515696 6.8888171958136 77.1839483892858 6.40299987792969 0 538536564.514229 -1388151607.5595 722068698.776903 80.191 76.931 17.3042155172572 3.70334460612454 9.2 84.4 7.4 26789 10.5671939455279 82.6938366672004 80.191 34035.82421875 2.67 31.9927670155309 1718.98666666667 0.9
"105" "Mali" 17.570692 -3.996166 47 56 59 66.3330001831055 57.644 53 -2e+05 42.356 0.0833693550692031 43.0898399353027 12.8251848101107 19077690 4.89999574546111 34.0531709070044 9.77600002288818 100 467067198.107612 -4346689112.563 31282991842.276 59.185 57.718 62.2 2.50722975755683 2.4 30.5 62 81784.5627327009 5.93973795012896 10.6834449726713 59.185 6394.76806640625 2.59 30.2795009149134 15.635015858186 23.1
"106" "Malta" 35.9375 14.3754 241 293 299 1.50699996948242 5.38800000000001 14 4501 94.612 5.40061395717027 100 30.8320920142601 483530 6.77232811144415 123.982943699442 4.6269998550415 100 4735070858.12154 1433226277.63042 1024613729.12178 84.4 80.6 4.6 20.3493242997122 8.3 90.5 6.1 20903 2.85446482680587 8.76299241462466 84.4 96758.984375 2.81 26.083527650303 1511.03125 6.1
"107" "Mauritania" 21.0079 10.9408 6 6 6 55.4129981994629 46.328 93 25002 53.672 0.689388119146373 42.9123191833496 27.375123174133 4403319 3.5542779844437 76.2198848987709 10.3219995498657 100 70755026.5279 -972886440.025002 934291833.830821 66.061 62.831 64.1 3.14111215805009 7.1 37.2 51.5 5636.83947213211 1.15714816396614 0.291008929085353 66.061 15087.9189453125 2.33 51.004485583805 4.27216357815077 24.7
"108" "Mauritius" -20.2 57.5 244 268 273 7.7020001411438 59.207 13 0 40.793 3.35311047207863 98.0314331054688 19.312206858406 1265303 3.77381891285675 54.1888142175361 6.86899995803833 100 371518185.9208 -815323260.187134 6353096296.20215 77.89 71.3 11.7 11.4741730686522 22 88.7 13.6 14940 9.54918584596861 38.8811569685775 77.89 48821.19921875 2.73 33.8150296300682 623.30197044335 13.7
"109" "Mexico" 23.6345 -102.5528 2143 2439 2785 18.128999710083 19.844 23 -3e+05 80.156 3.99044614866763 100 40.7090420895066 126190788 2.13595812119722 41.1590154688671 3.37800002098084 99.6561265475774 37495592533 -21995659963 176390278595.584 77.827 72.046 8.9 7.22368498087198 13.5 79.9 11 590727 2.80036910958545 4.96059305792831 77.827 40453.45703125 3.05 21.3355771014877 64.9146264050001 13.1
"110" "Moldova" 47.4116 28.3699 965 1056 1174 36.2220001220703 57.371 86 -6935 42.629 1.38682914196587 100 18.7335906648284 3545883 3.39999999999942 54.998357631669 3.73399996757507 100 311870000 -1211370000 2995238116.31008 75.993 67.439 20.8 11.4695563413512 5.7 90.1 13.6 13590 6.86098721838949 14.4862872804603 75.993 14641.1484375 2.46 33.7202809786355 123.51980353224 9.7
"111" "Monaco" 43.7333 7.4167 77 79 81 10.4661500754179 0 0 29813.5256029778 100 6.32968865859751 100 35.9579530018805 38682 6.09999999999991 67.352752604692 6.33660718994665 82.9360765427165 -12574552334.3802 -2707648211.57073 31282991842.276 83.7417048666623 78.6473048075112 5.54313475161763 19.8658840868661 2.9 89.5396499201831 2.6 3 4.92227727164734 8.20459569058472 84.1053262249395 81802.5296466012 3.36034460955711 31.283596637521 329.763391541322 6.69129881916329
"112" "Mongolia" 46.8625 103.8467 15 15 16 30.9500007629395 31.555 428 -4262 68.445 7.08802567796829 85.8696517944336 47.9583989441702 3170208 7.22584889934619 64.2328349644418 6.34600019454956 97.0139805896742 1951528195.81853 -1902507511.63661 3549666961.87949 73.779 65.465 26.4157929292929 4.08353878726245 4.7 79.7 14 7777 9.69597228683613 6.81877429502399 73.779 32232.5234375 2.37 70.0685162884606 2.04060866654651 16.5
"113" "Montenegro" 42.5 19.3 233 241 248 8.56700038909912 33.187 15 -2400 66.813 3.5560717904183 100 23.3008644960111 622345 5.07786020112071 66.7342964918413 15.7760000228882 100 485653127.823429 -943038608.582669 1202727764.78899 79.105 74.205 2.6 14.9749366447439 9 95 2.3 6887 1.99151112504161 52.1678725110468 79.105 49213.30078125 2.75 28.5986432987207 46.2710037174721 10.7
"114" "Morocco" 31.7917 -7.0926 1120 1184 1275 31.2849998474121 37.547 99 -257096 62.453 1.7507945564544 100 21.7315718183433 36029138 2.99021416952922 49.2554358334041 9.02799987792969 100 3626012575.15534 -6444747450.12378 24461023093.2087 77.438 74.948 27.3 7.0129048211122 7 79.6 19.2 80154 5.45204134123441 22.0800694605501 77.438 26442.02734375 2.54 16.3704746014871 80.7285189334528 19.6
"115" "Mozambique" -18.665695 35.529562 10 10 17 60.6080017089844 64.012 551 -25000 35.988 0.320578016654618 27.4254703521729 9.27978887415166 29495962 3.42817366081721 84.2244178956122 3.19000005722046 100 2678190543.5991 -4500762107.63333 3257710292.09573 62.091 56.293 24.7 2.8907644574499 3.3 26.9 54 10479 1.28352669775177 5.53997255701068 62.091 2814.59106445313 2.54186528822055 15.4064147107958 37.508535313716 30.1
"116" "Namibia" -22.9576 18.4904 16 16 16 21.4400005340576 49.968 524 -24030 50.032 1.65169281658111 52.5011825561523 30.1313937980848 2448255 -0.546332045263455 44.9191890291428 23.1870002746582 100 199551871.91461 -354541982.085513 2149916908.24883 65.823 60.02 16.6 3.63603168074514 4.5 40.9 29 14543 1.07388948740041 9.82957458178292 65.823 32659.541015625 2.65276948498698 33.0048468827531 2.97374558175127 30.4
"117" "Nepal" 28.1667 84.25 9 9 9 58.9930000305176 80.26 151 208549 19.74 0.298463302719902 95.5074768066406 4.73418579856052 28087871 6.65753266831794 46.2971031347845 1.24699997901917 100 68186670.7450293 -2774671387.79068 8335473017.41812 71.586 68.71 72.7 5.72767077569198 7.2 66.2 26.7 71908 6.26698468458562 27.7828846715184 71.586 4468.05908203125 2.51 23.9827030021935 195.939107080572 15.9
"118" "Netherlands" 107.0417 -265.0278 18926 19709 20682 2.91599988937378 8.51000000000001 5.3 80000 91.49 9.92013807523839 100 12.4163884232718 17231017 2.59745361827454 73.3313179310086 3.76099991798401 99.5981414813269 -239337011214.707 99065091765.458 38431677254.824 83.2 80 0.2 19.1961926333387 5.4 89.6 3.3 325942.296 3.85310378322941 3.35266955604135 83.2 99029.6640625 4.02 7.17865285619598 511.457910359157 3.8
"119" "New Zealand" -40.9006 174.886 1106 1160 1210 7.85500001907349 13.462 7.3 74403 86.538 7.68657582544293 100 31.8672602599529 4885500 2.77357101506234 28.2741552092056 4.80700016021729 0 2128856170.74495 -7708679948.91985 17656593019.6171 83.4 80 2.04562777711066 15.6524245271741 6.2 89.5 4.7 187851 8.02396606849385 19.0841319332291 83.4 71124.15625 3.88 36.8245859444148 18.5541756864532 7.8
"120" "Nicaragua" 12.8654 -85.2072 6 6 6 44.798999786377 41.478 41 -106360 58.522 0.791576322786616 86.7677993774414 16.2078863657068 6465513 -3.81606010321511 51.2746732381436 4.86999988555908 99.9026951322358 359200000 82999999.9999992 2261143360.12993 77.546 70.551 34 5.24749744838026 11.4 76.4 15.7 92618.2710093695 5.1855814091706 9.87027125102059 77.546 12476.330078125 2.6685585604454 27.6953697762113 53.7270483629716 21.4292370874739
"121" "Niger" 17.6078 8.0817 253 278 342 79.1320037841797 83.575 87 20001 16.425 0.110542757005569 20.0419044494629 5.40829573726232 22442948 6.48306670425471 33.0366878691783 0.256999999284744 100 1997485164.9483 -268603714.85597 31282991842.276 62.776 60.485 93.1 2.59500788269853 2.4 27 48 81784.5627327009 5.06339455069314 21.2137349018784 62.776 2464.5400390625 2.07 32.9272209674103 17.7176505881424 26.2
"122" "Nigeria" 9.082 8.6753 238 254 276 44.8919982910156 49.656 219 -3e+05 50.344 0.545794084565745 54.4 16.5138200055811 195874740 1.93726806949346 17.5074563282189 6.10599994659424 100 1997485164.94833 5334442800.14615 42838869124.791 54.843 53.086 69.2 2.74737700532743 3.1 29 75.7 77482.726523888 18.4512656559857 2.91129132161068 54.843 18391.84765625 2.53 13.6530372484442 215.064988965381 21.4
"123" "North Macedonia" 41.6086 21.7453 570 599 617 16.2660007476807 42.037 13 -4999 57.963 3.61445103536235 100 23.1784734724553 2082958 2.66459188911705 72.8953760972152 21.5809993743896 100 648732424.984647 -25600396.88539 3284003546.93106 77.639 73.584 61.2 13.6701813815648 9.3 95.3 8.7 81784.5627327009 3.05771361935185 5.09094756953213 77.639 38987.2421875 2.7 48.3878261805863 82.5915146708961 6.4
"124" "Norway" 60.472 8.4689 5865 6086 6086 3.02699995040894 17.752 4.1 140000 82.248 9.27094513154166 100 19.0470643933692 5314336 1.28954820126177 32.6325314512612 3.96700000762939 2.04383779996992 -17352601275.0114 31372952649.9012 63145471060.2407 84.2 80.9 0.1 17.0492221563211 5.3 87 2.1 625007.5487356 13.1757886185558 4.26622331607864 84.2 131966.578125 3.7 23.1580886011803 14.5549195374975 2.7
"125" "Oman" 21 57 331 371 419 5.23199987411499 15.461 5.9 437000 84.539 15.1887951113164 100 29.9527506360412 4829483 1.7640875486989 44.5244554965406 3.08400011062622 100 6342262678.80364 -4346728192.22341 17388370607.2955 79.906 75.645 9.91806171735342 2.39278695625796 10.1 71.9 9.8 76672 9.0944288108368 6.44138448487136 79.906 68115.84375 3.2 35.430686365254 15.6041453957997 16.1
"126" "Pakistan" 30.3753 69.3451 3766 4035 4263 32.8059997558594 63.334 265 -1166895 36.666 0.851472804393805 70.79 20.0718671999811 212215030 5.83024190542581 19.7492590168979 3.01999998092651 100 2.354e+09 -19191340000 11837177725.8521 67.928 66.041 53.9 4.31277431133756 19.9 57.8 57.2 48542 4.27144903935863 2.71482099771331 67.928 15906.044921875 2.42 19.7918930572625 275.289318700706 14.3
"127" "Panama" 8.538 -80.7821 1988 2100 2249 17.9020004272461 32.291 52 56000 67.709 2.25585475666538 100 42.6991675351393 4176873 3.6770136293445 45.0541363780437 3.90499997138977 71.6367476557604 5915110000 -6792241100 2121303718.10741 81.412 75.06 17.1 8.10473107966757 7.7 74.6 13.1 119148 4.53576055218231 20.7841994303567 81.412 51613.6328125 3.28 63.0627636248687 56.1860774818402 14.3
"128" "Papua New Guinea" -6.315 143.9555 2 2 2 65.0169982910156 86.831 432 -3999 13.169 0.795074226118891 54.4274482727051 24.8877791563887 8606316 -0.820774238373588 53.3844423412367 2.36899995803833 99.9951657438565 335186822.9726 -4346689112.563 2239395527.4358 65.326 62.784 3.5 3.44526925145617 17.9 55.9 38 41545.1707849472 4.7271643423174 11.232970112182 65.326 13287.5986328125 2.17 32.3692434747469 19.0043633794109 14.2
"129" "Paraguay" -23.4425 -58.4438 113 115 119 23.1180000305176 38.415 43 -82780 61.585 0.864029477268519 99.3 46.3221120083449 6956071 3.67662323135605 34.4058889899134 4.67600011825562 99.0583082497181 386916058.139802 8632489.21793727 7738519105.8012 76.085 72.041 29.4 6.43021500946081 9.6 74.4 17.2 4215 3.95577302466936 2.72043975502737 76.085 19130.685546875 2.78 75.2165552104906 17.5083589227284 22.7
"130" "Peru" -9.19 -75.0152 2561 2954 4342 28.6009998321533 22.093 123 495345 77.907 2.05198435817931 96.3629913330078 32.4815525562708 31989256 3.97693571755005 23.5370450811417 2.90199995040894 99.9629262855861 6487906280.71858 -3593583886.29134 60333192024.232 79.031 73.612 11.7 8.08839279183076 6.6 69.2 11.1 141025.363 6.64082116705214 8.72074694501272 79.031 23319.3828125 2.69 41.6927261076316 24.99160625 13.5
"131" "Philippines" 13 122 3660 3764 3870 31.1580009460449 53.093 554 -335758 46.907 1.05114222978493 93 14.2777061251648 106651922 6.24373774240088 44.3747490184624 2.41199994087219 96.3706587650922 9832332890.55406 -8729200166.23739 79195598849.54 75.268 66.971 27.7 5.12256876829946 7.1 67.3 22.5 292450 9.61410596159944 10.7636236786084 75.268 20670.544921875 2.9 26.9502658922642 357.688305329175 12.3
"132" "Poland" 51.9194 19.1451 4413 4848 5205 11.1929998397827 39.942 16 -146976 60.058 7.51715158489872 100 4.65472771628868 37978548 5.14801848357114 52.153985217767 3.27099990844727 99.9661157279646 1.6697e+10 -5.82e+09 116956636327.589 82 73.9 0.2 17.5178167625452 6.1 90.3 3.8 123903 3.4739665375282 4.84104001819847 82 62942.0234375 3.54 7.75038760750288 124.035886214442 9.7
"133" "Portugal" 39.3999 -8.2245 11730 12442 13141 8.38000011444092 34.789 24 -30001 65.211 4.33155402784831 100 41.1821436831547 10281762 2.44126692937017 43.4350262486775 6.12900018692017 16.0083566266812 6420730028.3425 956877938.031136 24920338987.3177 84.3 78.1 6.2 21.9538575375873 9.8 85.6 3.1 182753 6.25606564732127 22.7109332338092 84.3 61394.453125 3.64 43.6597443041146 112.23945350807 7.4
"134" "Qatar" 25.3548 51.1839 1832 2057 2210 1.41700005531311 0.864999999999995 31 2e+05 99.135 43.8573079516167 100 28.8473389571543 2781677 1.49333999292831 34.3908188549984 0.144999995827675 100 -2186263736.26374 16652197802.1978 30358280804.0766 81.743 78.83 8.89434743163913 1.3700703387375 15.6 68.9 5.8 197811 17.860239113011 14.8584760608804 81.743 160123.3125 3.47 25.1439377868194 239.593195521103 9.3
"135" "Romania" 45.9432 24.9668 4057 4417 4761 22.8899993896484 46.002 68 -369997 53.998 3.51615369125659 100 9.35291150181453 19473936 3.95381054165951 44.8530544040469 4.15899991989136 98.0174648814994 7343560129.25217 -10944639009.8913 42129061937.9341 79.1 71.7 0 18.3387013938296 6.9 92.2 6.1 55637 4.7251590521919 3.24440878825641 79.1 56805.71484375 3.12 17.3208479339522 84.6398470097357 10.3
"136" "Russia" 60 90 6343 7497 8672 7.48600006103516 25.567 54 912279 74.433 11.8575277737052 100 23.1913304477739 144478050 2.25480434572114 20.769322518279 4.54500007629395 91.6093290043281 8784850000 113454930000 468645216082.719 77.41 67.08 21.9 14.6747083203719 6.1 87.4 6.1 885094 11.3005812147815 3.6769657025165 77.41 54190.30078125 2.76 11.5397185738909 8.82207955488442 18
"137" "Rwanda" -1.9403 29.8739 105 105 110 55.1339988708496 82.789 59 -44998 17.211 0.0757642235602309 34.1 8.59893712690333 12301939 8.60670599828319 34.1339613183534 0.991999983787537 100 305520733.843573 -746888299.539202 1238058758.16221 70.398 66.187 50 2.9381960775388 5.1 44 27 18439 12.1289743261529 25.8928018669031 70.398 4011.00610351563 2.97 49.9618615709632 498.659870287799 29.7
"138" "Saint Kitts and Nevis" 17.357822 -62.782998 10 11 11 16.0918846261334 69.224 0 -99290.0700383778 30.776 4.54998621341631 100 17.3573387895078 52441 2.92393881700276 58.7535711260774 5.86913382694932 82.9360765427165 93552415.5252759 -72366082.8980678 363216830.554272 81.4456542266132 75.5803296157059 11.4040970532049 9.00539523280293 13.3 80.6036850355527 9.8 143631.503309034 9.93443017968863 60.6386941858798 80.7890369913832 69031.2110406546 3.24040348051072 39.7813987930131 201.696153846154 15.7261285790233
"139" "Saint Lucia" 13.9094 -60.9789 14 14 14 14.581000328064 81.322 3.2 0 18.678 2.2829283887468 98.7597885131836 18.89239210048 181889 0.857135569988984 47.6564778566901 20.4689998626709 100 40030761.7053615 102844196.7964 285824309.747523 77.283 74.581 16.9919080988456 9.80653035642617 11.6 82 14.9 92618.2710093695 8.71971318785475 81.2711569887711 77.283 30421.083984375 2.69131459776893 38.1213691406745 298.17868852459 35.4
"140" "Saint Vincent and the Grenadines" 12.9843 -61.2872 7 8 8 18.4699993133545 47.802 6.3 -1000 52.198 1.92005401383416 100 17.6792374215895 110210 2.16312894408262 47.6564778566901 19.7099990844727 100 110052363.628836 -99139008.4906674 169562298.93521 74.892 70.075 18.4487767857143 9.58978686338024 11.6 81 14.8 92618.2710093695 10.6441250680793 76.2701685080011 74.892 26837.591796875 2.69131459776893 38.1213691406745 282.589743589744 19.3019277791352
"141" "San Marino" 43.9424 12.4578 266 279 279 10.4661500754179 2.774 0 -14858.5855939334 97.226 6.32968865859751 100 29.7818230120627 33785 2.6528128374835 67.557217970652 5.08137661888878 82.9360765427165 -24945687782.4953 855199872.732239 338957476.907088 83.7417048666623 78.6473048075112 5.54313475161763 19.4300298546674 5.9 89.5396499201831 1.7 396404.339113125 5.67341308392475 6.67321706746312 84.1053262249395 81802.5296466012 3.4423575965701 24.6696347792308 563.083333333333 0
"142" "Sao Tome and Principe" 0.18636 6.613081 4 4 4 29.0620002746582 27.197 124 -8401 72.803 0.580793656470492 72.5107040405273 17.6792374215895 211028 2.65769375666697 45.2970984310013 13.4010000228882 100 23681668.8905599 -62185936.4016067 43683545.117539 72.329 67.565 30.1749759358289 2.9256781090661 2.4 54.7 24.4 81784.5627327009 8.87722014487721 73.1935597095181 72.329 10893.2734375 2.65 35.3741504244824 219.820833333333 27.5
"143" "Saudi Arabia" 24 45 2605 2795 2932 5.58799982070923 16.156 10 674895 83.844 19.4406664826471 100 47.2804719841251 33699947 2.43411077754232 26.6643339172916 5.91800022125244 100 4247084538.91783 70606423364.3911 509468527336.473 76.487 73.671 16.9104666005291 3.31408802294981 15.8 73.2 6 254063.746947842 8.56023595709856 5.40537254099281 76.487 124031.6484375 3.01 24.4434653586729 15.6766543082956 28.8
"144" "Senegal" 14.4974 -14.4524 226 237 244 34.576000213623 52.808 118 -100001 47.192 0.624760004263926 61.7 18.7861194018554 15854360 6.76629382353322 36.0852109664234 6.52199983596802 100 629312447.9813 -4346689112.563 31282991842.276 69.324 65.242 47.5 3.08682370101833 2.4 42.1 31.8 1087 4.10506986594505 7.03928907344492 69.324 10681.458984375 2.25 39.807845239034 82.3474783150678 23.4
"145" "Serbia" 44.0165 21.0059 2200 2447 2666 18.8120002746582 43.908 17 20000 56.092 5.28252191688301 100 19.8988009883582 6982084 4.39223723899327 59.2929135991213 13.5129995346069 100 4107322500.20414 -2630427633.83781 12874374086.5037 78.7 73.6 4.4 18.3457926916963 9 94.6 4.8 28160 6.13551888464637 7.6676788520886 78.7 30569.681640625 2.84 35.4752883458266 79.8317402241024 7.4
"146" "Seychelles" -4.6796 55.492 11 11 11 18.781060035386 43.309 18 -1000 56.691 5.41867796276229 100 13.7549839787364 96762 3.62735158274192 102.082637916792 6.28535120141387 100 43933526.5675816 -269435409.5915 549521831.728019 78.5 70.3 0.4 7.59454560435034 12.3 80.8 12.4 18671 5.35117698906762 35.420766610986 78.5 37101.4191180284 2.85382253427687 39.8674019344064 210.352173913043 15.9
"147" "Sierra Leone" 8.460555 -11.779889 6 6 7 60.3089981079102 57.945 298 -21000 42.055 0.186560087693797 23.4 14.8487076207878 7650154 3.44616262140143 39.2285313088917 4.32999992370605 100 217812918.996704 -646120563.726201 502557290.862546 54.697 53.049 49.9 2.96655621131612 2.4 33.2 78.5 81784.5627327009 3.77996675695004 5.16251193191442 54.697 4623.77099609375 2.08 35.3078322255625 105.987170961485 27.2101027861028
"148" "Singapore" 1.2833 103.8333 1375 1481 1623 0.657999992370605 0 47 135142 100 10.306331909983 100 100 5638676 3.13946454303462 149.815981896454 3.62400007247925 100 82039577168.0638 65072129790.3755 292715632357.011 85.2 80.7 5.91640324007362 11.4633801933791 5.5 73.6 2.3 208787 4.64597049013586 3.17870101119609 85.2 153852 4 100 7952.9984184018 2.8
"149" "Slovakia" 48.669 19.699 534 581 682 3.77099990844727 46.274 5.8 7423 53.726 5.66158132774424 100 15.7689164532448 5447011 4.03370304338463 94.0648049902185 6.36700010299683 100 2551913226.95168 -2760395632.88142 5229297354.833 80.7 73.8 0 15.629246504777 6.5 89.2 4.6 81784.5627327009 2.80815871532977 3.27237655592596 80.7 67853.4375 3.03 14.6907818009534 113.290578202995 6.1
"150" "Slovenia" 46.1512 14.9955 1021 1059 1091 6.12799978256226 45.459 5.3 9999 54.541 6.21368684468327 100 20.5033232988134 2067372 4.11821785906514 77.0982546080683 5.5019998550415 99.4910252834569 1523856931.75901 3073243299.12844 933092542.007261 84.3 78.2 1 19.6068796541788 5.9 88.4 1.7 18444 4.21483334690866 7.32150137778033 84.3 73310.3828125 3.31 23.7997420760366 102.639859503382 6.4
"151" "Somalia" 5.1521 46.1996 7 8 12 71.3560028076172 55.029 262 -200002 44.971 0.045347230872012 32.9465141296387 13.8699536265419 15008154 5.53768290464563 99.6004655120259 13.9549999237061 100 4.09e+08 -2707648211.57073 31282991842.276 58.42 55.067 58.6647425303455 2.87331094294556 5.1 23.9 76.6 98 5.54336259791292 11.3191921645191 58.42 6851.56787109375 2.21 30.8419948270321 23.9234769024771 27.1
"152" "South Africa" -30.5595 22.9375 1686 1749 1845 6.24900007247925 33.645 520 727026 66.355 8.97906234758848 84.4 35.3078235783543 57779622 0.787055570495099 29.5632511055317 27.3209991455078 100 5470685860.33813 -13384035620.6971 51642041966.6735 67.064 60.162 15 5.31800500542302 12.7 51.3 28.5 180317.18600139 5.82867789187758 8.8935754524209 67.064 43368.6875 3.38 14.3089032487188 47.6301197767684 25.9
"153" "South Sudan" 6.877 31.307 1 2 2 38.701000213623 80.385 146 -870998 19.615 0.141748231600483 25.3820705413818 16.8386162109331 10975920 6.51540186699437 40.184731728096 12.7150001525879 100 60140000 -315550000 31282991842.276 58.891 55.88 43.9273258636788 3.39848287985152 10.2 27.3 63.7 81784.5627327009 14.3628279932358 0.387776007652113 58.891 3359.712890625 2.54186528822055 17.1354625586469 194.40234148345 29.9
"154" "Spain" 40 -4 136675 141942 148220 5.97499990463257 19.679 9.4 2e+05 80.321 5.03382448723757 100 25.6641413770115 46723749 2.35100813140505 32.4030334563585 14.6999998092651 41.115549425172 49074301840.6961 27306631572.0147 70633189427.7056 86.3 80.5 1.9 19.3785075224995 6.9 91.4 2.5 641020 5.7986812093149 16.3031973538393 86.3 87113.2265625 3.83 17.3122841434921 93.5290582615872 4.1
"155" "Sri Lanka" 7 81 178 185 189 23.9640007019043 81.524 64 -489932 18.476 0.885247473289056 97.5449752807617 15.4081716692797 21670000 3.20913112799197 30.1336493582251 4.32299995422363 45.5384172591341 1610543974.22884 -2813681478.29762 6920825566.09992 79.979 73.238 26.3 10.4732197537841 10.7 82.8 6.4 34425 9.26581828380392 27.6749773558156 79.979 34133.96484375 2.6 14.9814836044917 345.558922022006 14.9
"156" "Sudan" 12.8628 30.2176 12 14 14 38.2729988098145 65.358 71 -250001 34.642 0.299732598319775 56.4515495300293 13.238937911679 41801533 -2.32082732082732 12.3456378998456 12.9969997406006 100 1135787164.04941 -4678501890.25183 111870655433.153 66.705 63.09 59 3.58116052825144 22.1 52.2 42.1 3170 0.157818441898368 20.8779243729127 66.705 18172.373046875 2.43 38.2164366036418 169.856864457443 25.7
"157" "Suriname" 3.9193 -56.0278 10 10 10 8.72500038146973 33.94 38 -4999 66.06 3.59891229103896 96.7831420898438 31.7579243831997 575991 1.90000000000001 45.0837742311377 7.41200017929077 100 130960766.326423 -117982950.515173 580780344.590911 74.817 68.274 23.8999920634921 6.90636990225525 12.5 75.9 16.9 3225 4.93243932748648 3.2084253330086 74.817 40569.56640625 2.80319728525688 34.9581840976122 3.69225 14.5
"158" "Sweden" 63 16 7206 7693 8419 2.53900003433228 12.569 5.5 2e+05 87.431 4.47818217821374 100 15.5449356413889 10183175 2.22523861239767 43.2869887657557 6.83799982070923 3.63648738190616 9022400100.07153 9478630193.19259 60566144400.5195 84.1 80.6 0.2 20.0955249278002 4.8 89.9 2.2 718613.910545409 7.45223566110453 5.90786893396802 84.1 100078.390625 4.05 17.779660735201 25.0010434312931 2.8
"159" "Switzerland" 46.8182 8.2275 21657 22253 23280 3.51600003242493 26.203 6.4 259999 73.797 4.31156299409097 100 16.0954861614625 8516543 2.75051698095396 53.9033954564242 4.87400007247925 49.3001362303515 -67677224099.7803 74099963146.712 787021335043.725 85.6 81.7 2.9 18.6232165647717 5.7 89.6 3.7 219782 5.43604751623313 4.38504393766401 85.6 106681.3671875 3.9 21.8104892749397 215.521378417094 2.7
"160" "Syria" 34.802075 38.996815 19 19 19 14.83899974823 45.838 19 -2136954 54.162 1.64053906266363 89.638786315918 31.7537450425975 16906283 3.76310116690653 40.843797611149 8.18200016021729 100 -1154011857.72105 -4346689112.563 31282991842.276 77.418 65.407 43.5 4.50312442147583 13.5 45.1 14 167.753530166881 4.44800191070941 8.92519478396216 77.418 9490.3349609375 2.3 25.3314456248326 92.0671077710614 26.5
"161" "Tanzania" -6.369 34.8888 24 24 25 62.7840003967285 66.224 253 -200381 33.776 0.231426985468443 32.8133316040039 12.5196623310045 56318348 5.44496763189639 33.037897087761 1.91199994087219 100 1055991268.20234 -1890298123.96952 5049646420.4773 66.346 62.581 40.9 2.60129917835952 5.7 32.9 37.6 51577 8.27664312087966 29.365314733999 66.346 6182.01806640625 2.54186528822055 31.7925190640248 63.5790787988259 29.2
"162" "Thailand" 15 101 2220 2258 2369 32.7649993896484 50.051 153 97222 49.949 4.62037714609842 100 20.0552124657007 69428524 4.12922610260051 56.4883209346758 0.694999992847443 100 13398678283.5119 32385567305.5889 205640628937.522 80.468 72.977 1.3 11.9008931395893 7 74 7.8 475886.496 5.16918125886915 19.6252266720896 80.468 31007.45703125 3.41 29.2867702400653 135.897206835131 32.7
"163" "Timor-Leste" -8.874217 125.727539 1 1 1 50.1809997558594 69.422 498 -26924 30.578 0.399696508054373 80.3807525634766 20.5877633441943 1267972 2.81398229160807 45.2970984310013 3.00799989700317 100 47925664.570816 -191147184.887931 673903564.681158 71.092 67.053 9.8 4.31649229400603 6.7 45.4 39.3 118898.907668246 12.3617053609276 64.0015153353887 71.092 30476.19140625 2.73981835716743 38.9848319498553 85.270477471419 12.7
"164" "Togo" 8.6195 0.8248 58 65 70 39.5349998474121 58.298 36 -9999 41.702 0.3673166295811 48 22.1285739528519 7889094 4.91014753954207 42.2890443313526 1.66999995708466 100 101981197.487 -4346689112.563 31282991842.276 61.317 59.644 63.1 2.86946801108822 2.4 37.6 47.4 11559 5.28983983282558 20.1696315265061 61.317 3377.375 2.45 53.0635792468487 145.046773303916 29.2
"165" "Trinidad and Tobago" 10.6918 -61.2225 105 107 107 4.32600021362305 46.816 21 -3999 53.184 33.966414453933 100 20.8400027595475 1389858 -0.245213697183118 58.1244705386002 2.81399989128113 100 -602524631.736673 1190671717.29804 8108517577.38663 75.955 70.616 11.0270737433862 10.7349535163324 11 80.7 16.4 32770 1.64292279361293 4.86517541696023 75.955 65724.546875 2.42 73.6512793872145 270.927485380117 12.1
"166" "Tunisia" 34 9 596 623 628 16.2089996337891 31.055 35 -20000 68.945 2.60593240600076 100 19.807493235744 11565204 2.48282683815427 62.0400455204866 15.5100002288818 100 988942901.040222 -4428708158.07369 5661370258.89029 78.35 74.297 12.8 8.31567907898877 8.5 85.8 14.6 41446 3.87008547532526 11.9476441556252 78.35 37379.8046875 2.57 28.729411823724 74.4413233779609 22.8
"167" "Turkey" 38.9637 35.2433 30217 34109 38226 15.0819997787476 24.857 16 1419610 75.143 4.47977349568748 100 36.8553458706931 82319724 2.82677612033162 30.6272671841141 11.8950004577637 100 1.3061e+10 -2.7032e+10 92982552060.703 80.088 74.149 1.1 8.4832129399716 11.1 89.4 9.1 772925.545 2.08447270313485 16.6213168164405 80.088 75072.328125 3.15 23.8463704730436 106.960128893104 12.3
"168" "Uganda" 1 32 52 52 53 65.4960021972656 76.226 200 843469 23.774 0.141664527352892 22 6.99001072931462 42723139 6.15235491276995 28.6900064634472 1.78699994087219 100 1337128157.97908 -2564699081.29155 3358514649.90299 64.64 60.27 74.2 1.94098692046317 2.5 32.9 33.8 4832 3.86635083367024 18.619376427533 64.64 4855.69384765625 2.58 29.4019129075429 213.061734490325 29
"169" "Ukraine" 48.3794 31.1656 1319 1462 1668 17.4200000762939 30.648 80 50001 69.352 5.02074706440171 100 12.1100029411161 44622516 3.33548930910057 53.8086877645976 9.3120002746582 100 2.476e+09 -4.367e+09 20817897004.1028 76.78 67.02 14.4 16.4346864392016 6.1 91 7.5 66712 11.7542764744263 3.83698317409318 76.78 19965.7578125 2.83 9.55421704227543 77.0296673514129 13.7
"170" "United Arab Emirates" 24 54 2076 2359 2659 4.26700019836426 13.478 1 2e+05 86.522 22.9396063130991 100 59.9724700312814 9630959 1.72634934292543 67.9783656986559 2.64299988746643 100 10385286000 -5037971578.62902 99503335478.7452 79.008 76.966 10.202071445976 1.08500098484481 16.3 76.8 6.5 455957 6.6328171124543 7.34416155419925 79.008 100218.2890625 3.96 33.4262581877277 135.609110109828 18.1
"171" "United Kingdom" 270.0299 -482.9247 52279 55949 61474 1.58399999141693 16.602 8 1303250 83.398 6.49744049045117 100 26.8188984850139 66488991 1.38567356958762 31.769657960321 3.80900001525879 66.5332490328298 35064410362.3284 -123105578164.124 172657749536.315 83 79.4 0.1 18.3958656741466 3.9 88.8 3.6 1242985 7.59537364202657 5.66244750769187 83 82216.828125 3.99 16.3145270008349 274.82739222089 3.1
"172" "Uruguay" -32.5228 -55.7658 406 424 424 12.418999671936 4.666 33 -15000 95.334 1.98424083514046 100 50.3577393551559 3449299 1.62008362892931 18.9879779084104 7.94199991226196 22.3857446597034 1172779059.58202 75715248.8946571 15556520867.2273 81.238 73.805 2.1 14.8145195308593 7.3 84.9 6.4 589256.820694415 9.9800198321672 14.8744616381481 81.238 46294.796875 2.69 52.822429451808 19.7080276539824 13.4
"173" "US" 37.0902 -95.7129 366667 396223 429052 1.97800004482269 17.744 3 4774029 82.256 16.502837239406 100 46.2579288988769 327167434 2.92732272821085 15.3252110810918 3.86899995803833 3.34317037021352 2.5839e+11 -4.90991e+11 449907088828.546 81.1 76.1 0.8 15.8076540556035 10.8 88.3 5.6 9879630 5.96064163794602 10.24045448276 81.1 117226.84375 3.89 6.99305941298036 35.766088580168 12.4
"174" "Uzbekistan" 41.3775 64.5853 457 520 545 30.3449993133545 49.522 70 -44314 50.478 3.42072274584901 100 7.47667757029197 32955400 5.12211811333442 38.7365127489172 5.49900007247925 100 624702706.364396 -3593899661.57895 27077105981.1617 73.508 69.25 22.2245429292929 4.4191378781364 6.5 83.7 19.1 21514 11.6108708806334 9.29598328758047 73.508 15581.7333984375 2.58 14.8117545976379 77.4692054536906 11.5
"175" "Venezuela" 6.4238 -66.5897 165 165 167 10.7700004577637 11.792 48 -3266243 88.208 6.16473103431657 100 32.3515480238357 28870195 -19.6214525881595 36.0567892963692 9.07900047302246 99.9336624316864 9.56e+08 -4346689112.563 31282991842.276 76.194 68.523 17.8 7.26698662012597 7 69.5 21.4 24986 5.39972835724724 6.99621131502534 76.194 27174.22265625 2.23 11.523523568177 32.7307919052208 33.7
"176" "Vietnam" 16 108 245 249 251 38.2360000610352 64.081 182 -399999 35.919 1.81989397652576 100 16.9103812057717 95540395 7.07578861674985 102.474860762582 1.89400005340576 100 1.55e+10 5899353000.00003 55452622582.5609 79.366 71.124 29.1 7.2749782978793 6 77.2 16.5 283787 2.40608364448114 3.89960829827361 79.366 11756.8740234375 3.27 23.7355376264594 308.125245912213 26.4
"177" "West Bank and Gaza" 31.9522 35.2332 254 261 263 6.46799993515015 23.836 0.77 -52816 76.164 3.08587874775713 100 17.9430014620318 4569087 0.905278232405877 59.7356303751394 29.8659992218018 100 262509658.39526 -1659244825.79363 537846124.64 75.446 72.106 17.6189851190476 3.13330573708009 9.5 86.8588214888106 17.3 92618.2710093695 8.64734863783412 8.43813641509338 75.446 22003.642578125 2.86602811232455 19.3574193555803 758.984551495017 18.3346345460525
"178" "Zambia" -15.4167 28.2833 39 39 39 46.0279998779297 56.479 346 -40000 43.521 0.292412222455776 40.3 14.5451238492419 17351822 3.79490091669091 38.2368178350222 7.14499998092651 100 408438491.702336 -342297144.809409 1569229906.13102 65.878 60.158 58.6647425303455 2.09967802593266 4.5 29.2 40.4 734 4.6894811701325 7.43288431239065 65.878 9746.458984375 2.53 33.4209340801511 23.3414789007116 25.2181486291486
"179" "Zimbabwe" -20 30 10 11 11 63.3199996948242 67.791 210 -584288 32.209 0.884721294332295 40.4213676452637 10.4925141031059 14439018 6.15918979848757 25.5124757295663 4.89799976348877 100 744637199.18 -4346689112.563 86951094.0294849 62.22 59.105 55.2216869747899 2.93952365300113 1.8 33 33.9 3444 5.58768885795772 9.59348089606341 62.22 3891.74291992188 2.12 32.5763444910973 37.3245909267158 34.7
